0
-4.16091e-12
-1.03854e-11
-2.31069e-11
-2.41171e-11
-3.07025e-10
-3.38094e-10
2.79991e-10
-2.73999e-10
-7.25496e-10
-1.087e-09
1.14804e-09
-4.51242e-10
1.19834e-09
2.79039e-09
2.78956e-09
3.19752e-09
5.52512e-09
3.81999e-09
7.7717e-09
8.68903e-09
1.21351e-08
1.5009e-08
1.66694e-08
1.79045e-08
1.79454e-08
1.27228e-08
9.38205e-09
9.17925e-09
-9.81802e-09
-1.81582e-08
-3.55492e-08
-4.85942e-08
-7.23695e-08
-8.82041e-08
-1.2197e-07
-1.59932e-07
-1.82343e-07
-2.09003e-07
-2.4164e-07
-2.68923e-07
-2.69465e-07
-2.90375e-07
-2.80082e-07
-2.5987e-07
-2.38059e-07
-1.99173e-07
-1.34226e-07
-5.64758e-08
4.749e-08
1.72334e-07
2.96002e-07
5.16029e-07
6.96953e-07
9.12773e-07
1.1564e-06
1.46994e-06
1.71316e-06
1.98149e-06
2.31975e-06
2.63031e-06
2.96492e-06
3.26652e-06
3.58094e-06
3.88086e-06
4.11991e-06
4.37553e-06
4.58353e-06
4.73993e-06
4.80486e-06
4.88249e-06
4.80363e-06
4.67472e-06
4.50216e-06
4.21236e-06
3.84349e-06
3.37668e-06
2.80681e-06
2.07076e-06
1.29553e-06
3.05122e-07
-6.8618e-07
-1.83154e-06
-3.06886e-06
-4.45537e-06
-5.92863e-06
-7.50011e-06
-9.16112e-06
-1.08732e-05
-1.27506e-05
-1.46137e-05
-1.65581e-05
-1.84847e-05
-2.051e-05
-2.25396e-05
-2.45698e-05
-2.65941e-05
-2.85011e-05
-3.04003e-05
-3.22355e-05
-3.40412e-05
-3.57157e-05
-3.72993e-05
-3.86342e-05
-3.98566e-05
-4.08707e-05
-4.17147e-05
-4.24986e-05
-4.29081e-05
-4.30456e-05
-4.30657e-05
-4.26563e-05
-4.20842e-05
-4.13034e-05
-4.01683e-05
-3.87133e-05
-3.69878e-05
-3.48682e-05
-3.25093e-05
-2.98147e-05
-2.6762e-05
-2.34235e-05
-1.97671e-05
-1.58354e-05
-1.15645e-05
-6.98199e-06
-2.17127e-06
2.94632e-06
8.35573e-06
1.38617e-05
1.97534e-05
2.58559e-05
3.21064e-05
3.85822e-05
4.51576e-05
5.19553e-05
5.87564e-05
6.56867e-05
7.26134e-05
7.96473e-05
8.69037e-05
9.38672e-05
0.000100848
0.00010795
0.000114672
0.000121543
0.000128158
0.00013473
0.000141022
0.000147056
0.000152826
0.000158579
0.000163747
0.000168723
0.000173313
0.000177539
0.000181395
0.000184972
0.000188026
0.00019068
0.000192646
0.000194436
0.000195626
0.000196374
0.000196646
0.000196305
0.000195453
0.000194015
0.000192036
0.000189635
0.000186531
0.000183147
0.000178904
0.00017427
0.000168994
0.00016315
0.000156922
0.000149828
0.000142592
0.000134662
0.000126311
0.000117386
0.000107951
9.81144e-05
8.78277e-05
7.69709e-05
6.59846e-05
5.44323e-05
4.25751e-05
3.01893e-05
1.76397e-05
4.70404e-06
-8.46616e-06
-2.20565e-05
-3.55812e-05
-4.97596e-05
-6.36094e-05
-7.80481e-05
-9.24855e-05
-0.000106997
-0.000121573
-0.00013631
-0.000150986
-0.000165766
-0.000180513
-0.000194911
-0.000209526
-0.000224069
-0.000238212
-0.000252359
-0.00026633
-0.000280105
-0.000293619
-0.000306916
-0.000319973
-0.000332526
-0.000344978
-0.000357001
-0.000368411
-0.000379674
-0.000390513
-0.000400961
-0.00041081
-0.000420158
-0.000429024
-0.000437676
-0.000445579
-0.000452783
-0.000459626
-0.000465797
-0.000471776
-0.0004766
-0.000481216
-0.000485027
-0.000488445
-0.000490841
-0.000492962
-0.000494306
-0.000495162
-0.000495302
-0.00049476
-0.000493604
-0.000491792
-0.000489288
-0.000486347
-0.000482539
-0.000478129
-0.000473149
-0.000467668
-0.000461586
-0.000454745
-0.00044719
-0.000439215
-0.000430765
-0.000421639
-0.00041177
-0.000401447
-0.000390828
-0.000379673
-0.000367831
-0.000355446
-0.000342515
-0.000329231
-0.000315553
-0.000301415
-0.00028682
-0.00027196
-0.000256461
-0.000240741
-0.000224675
-0.000208128
-0.000191578
-0.000174551
-0.000157392
-0.000139819
-0.000122027
-0.000104288
-8.5996e-05
-6.77055e-05
-4.88339e-05
-3.0492e-05
-1.17548e-05
6.88248e-06
2.60102e-05
4.49211e-05
6.39784e-05
8.31851e-05
0.000102004
0.000120957
0.000139865
0.000158658
0.000177619
0.000196357
0.000214781
0.000233139
0.000251588
0.000269642
0.000287515
0.00030554
0.000323066
0.000340052
0.000357173
0.000374316
0.000390474
0.000406607
0.000422661
0.000438154
0.000453488
0.000468228
0.000482857
0.000497069
0.000510988
0.000524201
0.000537417
0.000549806
0.000562078
0.000573635
0.000584937
0.000595889
0.00060618
0.000616043
0.000625614
0.000634433
0.000643249
0.000651054
0.000658803
0.000665879
0.000672443
0.000678724
0.000684263
0.000689261
0.000693992
0.000697818
0.000701447
0.000704695
0.000707389
0.00070917
0.000711075
0.00071218
0.000712726
0.000712973
0.000712545
0.000711829
0.000710591
0.000708803
0.000706365
0.000703669
0.000700764
0.000697078
0.000693071
0.000688192
0.000683378
0.000678092
0.000672044
0.000665778
0.00065913
0.000652411
0.00064515
0.000637164
0.000628838
0.00062064
0.000611363
0.000602174
0.000592935
0.000582767
0.000572531
0.000561852
0.000551235
0.000539904
0.00052862
0.000516979
0.000505
0.000492964
0.000480517
0.000467553
0.000454733
0.000441906
0.000428622
0.000414982
0.000401398
0.000387706
0.00037339
0.00035915
0.000345028
0.000330889
0.000316092
0.000301598
0.000286618
0.000272054
0.00025714
0.0002422
0.000227083
0.000212684
0.000197425
0.000182173
0.000166616
0.000152279
0.000136642
0.000121893
0.000106967
9.15815e-05
7.69293e-05
6.16941e-05
4.66698e-05
3.20653e-05
1.69636e-05
2.46665e-06
-1.21306e-05
-2.67944e-05
-4.1179e-05
-5.51158e-05
-6.93071e-05
-8.35628e-05
-9.74345e-05
-0.000111292
-0.000124529
-0.000138025
-0.000151216
-0.000164656
-0.00017764
-0.000190216
-0.000203225
-0.000215519
-0.000227672
-0.000239589
-0.000251695
-0.000263419
-0.000274931
-0.000286192
-0.000297172
-0.000307895
-0.000318692
-0.000328773
-0.000339193
-0.000348948
-0.000358371
-0.000367976
-0.000376942
-0.000386314
-0.000394951
-0.000403468
-0.000411576
-0.000419804
-0.000427202
-0.000434715
-0.000442065
-0.000449087
-0.000456057
-0.000462031
-0.000468711
-0.000474791
-0.000480544
-0.000485762
-0.000491214
-0.000495882
-0.000501149
-0.000505454
-0.000509751
-0.00051349
-0.000517677
-0.000520607
-0.000523968
-0.00052715
-0.00052992
-0.000532875
-0.000534853
-0.00053698
-0.000538497
-0.000540323
-0.00054179
-0.000542794
-0.00054391
-0.000544444
-0.000545196
-0.000545243
-0.000545708
-0.000545512
-0.000545103
-0.00054433
-0.000543777
-0.000542983
-0.00054183
-0.000540426
-0.00053906
-0.000537374
-0.000535522
-0.000533037
-0.000531111
-0.000528794
-0.000526589
-0.000523496
-0.000520644
-0.000517689
-0.000514301
-0.000511156
-0.000507576
-0.000504151
-0.000500263
-0.000496238
-0.000492314
-0.000488102
-0.00048392
-0.000479512
-0.000475136
-0.000470361
-0.000465691
-0.000461027
-0.000455882
-0.000451103
-0.000445999
-0.000440665
-0.000435378
-0.000429929
-0.000424381
-0.000419293
-0.000413138
-0.000407897
-0.000401922
-0.000396148
-0.000390784
-0.00038439
-0.000378484
-0.000372111
-0.000366497
-0.000360278
-0.000354222
-0.000347881
-0.000341582
-0.000335383
-0.000329022
-0.000322771
-0.000316537
-0.000310073
-0.000303584
-0.000297445
-0.000291313
-0.000284787
-0.00027847
-0.000272117
-0.000265817
-0.000259377
-0.000252675
-0.000246596
-0.000240101
-0.00023389
-0.000227386
-0.000221274
-0.000214948
-0.000208762
-0.000202463
-0.000196112
-0.000189989
-0.000184032
-0.000177575
-0.000171472
-0.000166119
-0.000159819
-0.0001536
-0.000147612
-0.000141816
-0.000135647
-0.000130113
-0.000124188
-0.000118682
-0.000113038
-0.00010712
-0.00010186
-9.56724e-05
-9.06688e-05
-8.52899e-05
-7.97869e-05
-7.43059e-05
-6.89444e-05
-6.39857e-05
-5.87463e-05
-5.39844e-05
-4.88991e-05
-4.40586e-05
-3.90449e-05
-3.42878e-05
-2.95094e-05
-2.44079e-05
-1.98594e-05
-1.54006e-05
-1.09408e-05
-6.18476e-06
-1.80058e-06
2.5056e-06
6.56935e-06
1.07727e-05
1.51626e-05
1.91661e-05
2.33094e-05
2.71189e-05
3.06126e-05
3.48465e-05
3.85704e-05
4.23828e-05
4.58067e-05
4.92913e-05
5.26349e-05
5.64798e-05
5.95288e-05
6.30908e-05
6.6526e-05
6.90761e-05
7.21828e-05
7.57399e-05
7.8812e-05
8.11134e-05
8.41671e-05
8.71342e-05
8.99155e-05
9.26268e-05
9.52192e-05
9.75892e-05
9.96271e-05
0.000102233
0.000104502
0.000106912
0.000109427
0.000111432
0.000113553
0.000115567
0.000117326
0.000119628
0.000121592
0.000123181
0.000125016
0.000126735
0.000128634
0.00012984
0.000131502
0.000133313
0.000134616
0.000136295
0.000137284
0.000138671
0.000140168
0.000141167
0.000142155
0.000143553
0.000144577
0.000145699
0.000146545
0.000147316
0.000148782
0.000149803
0.000150185
0.000150986
0.000151967
0.000152846
0.000153108
0.000153534
0.000154337
0.000155206
0.000155619
0.000155941
0.000156396
0.000156709
0.000157406
0.000157809
0.00015821
0.000158319
0.000158125
0.000158811
0.000158777
0.000159064
0.000159141
0.000159541
0.000159171
0.00015955
0.000159181
0.000159539
0.000159679
0.000159596
0.00015952
0.000159396
0.000159478
0.000159071
0.000159097
0.00015901
0.000158578
0.000158531
0.000158405
0.000157956
0.000157773
0.0001572
0.000157119
0.000156996
0.000155947
0.000156143
0.000155779
0.000155294
0.00015513
0.000154536
0.00015392
0.000153465
0.000153552
0.000152897
0.000151784
0.000151576
0.000151467
0.000150748
0.000150101
0.000149769
0.000149159
0.000148904
0.00014772
0.000147359
0.000146967
0.000146231
0.000145765
0.000144621
0.000144561
0.000143778
0.000143037
0.000142345
0.000141619
0.000141501
0.000140882
0.000139817
0.000139139
0.000138673
0.000137747
0.000136886
0.000136736
0.000135876
0.00013529
0.0001345
0.000133523
0.000133342
0.00013233
0.00013115
0.000131328
0.000130301
0.000129828
0.000128699
0.000128446
0.000127036
0.000126598
0.000125617
0.000125087
0.000124562
0.000123948
0.000123181
0.000122319
0.000121326
0.000120665
0.000120269
0.000119156
0.000118196
0.00011789
0.000116602
0.000116646
0.000115764
0.000114694
0.000113775
0.0001135
0.000112768
0.000111985
0.000111102
0.000110384
0.000109409
0.000108582
0.000108107
0.000107461
0.00010675
0.000105942
0.000105025
0.000104752
0.000103572
0.000103093
0.000102413
0.00010139
0.000100687
0.000100146
9.91748e-05
9.87271e-05
9.7811e-05
9.70334e-05
9.65234e-05
9.53673e-05
9.531e-05
9.44298e-05
9.36258e-05
9.26368e-05
9.21578e-05
9.13152e-05
9.04224e-05
8.98006e-05
8.92321e-05
8.847e-05
8.80869e-05
8.68923e-05
8.69406e-05
8.61233e-05
8.52319e-05
8.48804e-05
8.35619e-05
8.34109e-05
8.2632e-05
8.16615e-05
8.10744e-05
8.02815e-05
7.97819e-05
7.90806e-05
7.87337e-05
7.79493e-05
7.7225e-05
7.63136e-05
7.60559e-05
7.51838e-05
7.45347e-05
7.34728e-05
7.26998e-05
7.21157e-05
7.13957e-05
7.06734e-05
7.06929e-05
6.99297e-05
6.91505e-05
6.81812e-05
6.79498e-05
6.73884e-05
6.66575e-05
6.54209e-05
6.5204e-05
6.45262e-05
6.35219e-05
6.38527e-05
6.24925e-05
6.19809e-05
6.13149e-05
6.09688e-05
6.01818e-05
5.96481e-05
5.9131e-05
5.83759e-05
5.76613e-05
5.70687e-05
5.68483e-05
5.5921e-05
5.60237e-05
5.51097e-05
5.43559e-05
5.3672e-05
5.24901e-05
5.26536e-05
5.19575e-05
5.14275e-05
5.07474e-05
5.0334e-05
5.00902e-05
4.92595e-05
4.85047e-05
4.81362e-05
4.7141e-05
4.68573e-05
4.61207e-05
4.58581e-05
4.50019e-05
4.46206e-05
4.4174e-05
4.37053e-05
4.27042e-05
4.23169e-05
4.18616e-05
4.12475e-05
4.10683e-05
4.05205e-05
3.94837e-05
3.9855e-05
3.86331e-05
3.84872e-05
3.78857e-05
3.71242e-05
3.62934e-05
3.61187e-05
3.59012e-05
3.53539e-05
3.47073e-05
3.41057e-05
3.37986e-05
3.26962e-05
3.2424e-05
3.2212e-05
3.20793e-05
3.15162e-05
3.0739e-05
3.04246e-05
2.99569e-05
2.97336e-05
2.82694e-05
2.81559e-05
2.76482e-05
2.78767e-05
2.67169e-05
2.63495e-05
2.58878e-05
2.56294e-05
2.49986e-05
2.46931e-05
2.41139e-05
2.40488e-05
2.32012e-05
2.31298e-05
2.24541e-05
2.21426e-05
2.17042e-05
2.1359e-05
2.10002e-05
2.06821e-05
1.97185e-05
1.94014e-05
1.9178e-05
1.88262e-05
1.8649e-05
1.78791e-05
1.71449e-05
1.67837e-05
1.64013e-05
1.6374e-05
1.60461e-05
1.564e-05
1.52139e-05
1.46118e-05
1.4495e-05
1.39625e-05
1.36612e-05
1.3276e-05
1.32448e-05
1.31005e-05
1.20242e-05
1.22352e-05
1.15425e-05
1.12733e-05
1.04556e-05
1.04252e-05
1.03683e-05
1.00258e-05
9.4101e-06
8.83837e-06
9.10952e-06
8.42375e-06
8.03774e-06
7.7442e-06
7.43486e-06
7.21382e-06
7.05578e-06
6.30386e-06
6.42669e-06
5.57603e-06
5.67112e-06
4.83596e-06
5.07433e-06
5.0075e-06
4.6618e-06
3.70765e-06
4.14646e-06
3.63809e-06
3.73372e-06
2.88969e-06
2.78426e-06
2.19851e-06
2.22995e-06
2.01862e-06
1.51615e-06
1.10116e-06
5.62856e-07
5.6235e-07
2.60303e-07
1.56548e-07
-6.75179e-07
-3.71029e-07
-4.43545e-07
-1.22492e-06
-7.89957e-07
-1.48905e-06
-1.46979e-06
-2.01913e-06
-1.82135e-06
-2.66522e-06
-2.20128e-06
-3.39722e-06
-3.26579e-06
-3.42841e-06
-3.20241e-06
-3.62917e-06
-3.53753e-06
-4.04957e-06
-4.55637e-06
-4.54722e-06
-5.23649e-06
-4.9351e-06
-5.18755e-06
-4.99249e-06
-5.51362e-06
-5.78268e-06
-6.3639e-06
-6.4755e-06
-6.21278e-06
-6.56077e-06
-6.59753e-06
-6.71132e-06
-7.14085e-06
-7.78303e-06
-7.80077e-06
-7.68163e-06
-7.95166e-06
-8.05799e-06
-8.57015e-06
-8.36476e-06
-8.61907e-06
-8.90949e-06
-8.95302e-06
-9.56317e-06
-9.08994e-06
-9.60125e-06
-9.51804e-06
-9.48405e-06
-1.02472e-05
-1.01877e-05
-1.0101e-05
-1.0309e-05
-1.05956e-05
-1.0721e-05
-1.06923e-05
-1.08439e-05
-1.10996e-05
-1.09982e-05
-1.12402e-05
-1.14591e-05
-1.11255e-05
-1.1812e-05
-1.20026e-05
-1.21181e-05
-1.25401e-05
-1.249e-05
-1.22969e-05
-1.23916e-05
-1.26537e-05
-1.28489e-05
-1.30769e-05
-1.28825e-05
-1.30773e-05
-1.28654e-05
-1.3302e-05
-1.34253e-05
-1.36266e-05
-1.38305e-05
-1.36098e-05
-1.37072e-05
-1.37166e-05
-1.40797e-05
-1.41822e-05
-1.41827e-05
-1.42771e-05
-1.42306e-05
-1.4547e-05
-1.47668e-05
-1.44912e-05
-1.46231e-05
-1.49452e-05
-1.45143e-05
-1.49638e-05
-1.48665e-05
-1.51426e-05
-1.52053e-05
-1.53824e-05
-1.5551e-05
-1.56247e-05
-1.54473e-05
-1.58126e-05
-1.60878e-05
-1.62678e-05
-1.61533e-05
-1.62922e-05
-1.64485e-05
-1.62733e-05
-1.60425e-05
-1.60409e-05
-1.61716e-05
-1.70759e-05
-1.68309e-05
-1.68586e-05
-1.66299e-05
-1.67879e-05
-1.68929e-05
-1.70921e-05
-1.64296e-05
-1.68035e-05
-1.718e-05
-1.72417e-05
-1.72579e-05
-1.71515e-05
-1.74311e-05
-1.72376e-05
-1.72181e-05
-1.74913e-05
-1.73081e-05
-1.76816e-05
-1.75567e-05
-1.76034e-05
-1.73942e-05
-1.79621e-05
-1.78935e-05
-1.77979e-05
-1.78409e-05
-1.80511e-05
-1.80673e-05
-1.76801e-05
-1.8285e-05
-1.81103e-05
-1.77987e-05
-1.79726e-05
-1.76783e-05
-1.85571e-05
-1.78125e-05
-1.7947e-05
-1.79162e-05
-1.80665e-05
-1.83229e-05
-1.82054e-05
-1.84374e-05
-1.82406e-05
-1.84345e-05
-1.87513e-05
-1.8455e-05
-1.83193e-05
-1.82707e-05
-1.82962e-05
-1.83453e-05
-1.82932e-05
-1.7916e-05
-1.85187e-05
-1.86403e-05
-1.8688e-05
-1.85115e-05
-1.83988e-05
-1.88001e-05
-1.849e-05
-1.85938e-05
-1.86278e-05
-1.84469e-05
-1.84648e-05
-1.86999e-05
-1.8478e-05
-1.85391e-05
-1.89335e-05
-1.8695e-05
-1.89064e-05
-1.87679e-05
-1.84763e-05
-1.86544e-05
-1.82213e-05
-1.8862e-05
-1.89089e-05
-1.88701e-05
-1.91103e-05
-1.88969e-05
-1.83511e-05
-1.86987e-05
-1.89783e-05
-1.86468e-05
-1.86936e-05
-1.85198e-05
-1.85587e-05
-1.8441e-05
-1.84127e-05
-1.86952e-05
-1.82849e-05
-1.86596e-05
-1.8221e-05
-1.88282e-05
-1.80316e-05
-1.85668e-05
-1.82895e-05
-1.8323e-05
-1.84318e-05
-1.84073e-05
-1.84862e-05
-1.85526e-05
-1.85247e-05
-1.86817e-05
-1.85386e-05
-1.8401e-05
-1.8255e-05
-1.86534e-05
-1.85708e-05
-1.81889e-05
-1.8106e-05
-1.83204e-05
-1.86747e-05
-1.83866e-05
-1.81923e-05
-1.8241e-05
-1.84311e-05
-1.84062e-05
-1.80868e-05
-1.84728e-05
-1.77806e-05
-1.80683e-05
-1.75853e-05
-1.79834e-05
-1.80825e-05
-1.79125e-05
-1.83452e-05
-1.81274e-05
-1.81508e-05
-1.77449e-05
-1.7987e-05
-1.83352e-05
-1.79148e-05
-1.77231e-05
-1.7944e-05
-1.77492e-05
-1.81861e-05
-1.82433e-05
-1.75437e-05
-1.76877e-05
-1.77113e-05
-1.75557e-05
-1.74307e-05
-1.77059e-05
-1.7495e-05
-1.73174e-05
-1.77208e-05
-1.74414e-05
-1.75685e-05
-1.67229e-05
-1.73109e-05
-1.73044e-05
-1.72359e-05
-1.75928e-05
-1.71788e-05
-1.7271e-05
-1.70659e-05
-1.74584e-05
-1.73635e-05
-1.70072e-05
-1.6668e-05
-1.69416e-05
-1.74124e-05
-1.66927e-05
-1.68087e-05
-1.67645e-05
-1.66003e-05
-1.69487e-05
-1.69153e-05
-1.7091e-05
-1.6795e-05
-1.66232e-05
-1.68078e-05
-1.67705e-05
-1.60411e-05
-1.65727e-05
-1.63089e-05
-1.65373e-05
-1.62838e-05
-1.62512e-05
-1.60663e-05
-1.67182e-05
-1.62617e-05
-1.64384e-05
-1.61902e-05
-1.58976e-05
-1.6291e-05
-1.61152e-05
-1.63443e-05
-1.59475e-05
-1.58846e-05
-1.60596e-05
-1.57727e-05
-1.57685e-05
-1.57893e-05
-1.58392e-05
-1.61616e-05
-1.56633e-05
-1.56591e-05
-1.60277e-05
-1.53282e-05
-1.54185e-05
-1.56794e-05
-1.56285e-05
-1.55625e-05
-1.56154e-05
-1.56674e-05
-1.52695e-05
-1.52713e-05
-1.58255e-05
-1.54371e-05
-1.51446e-05
-1.53677e-05
-1.49127e-05
-1.48166e-05
-1.50961e-05
-1.54268e-05
-1.51507e-05
-1.50539e-05
-1.48413e-05
-1.51188e-05
-1.49136e-05
-1.4673e-05
-1.50538e-05
-1.45753e-05
-1.49532e-05
-1.49772e-05
-1.47738e-05
-1.41794e-05
-1.48773e-05
-1.49085e-05
-1.44877e-05
-1.49368e-05
-1.4394e-05
-1.40327e-05
-1.38328e-05
-1.37964e-05
-1.45147e-05
-1.39892e-05
-1.44715e-05
-1.39796e-05
-1.41237e-05
-1.39474e-05
-1.36747e-05
-1.38093e-05
-1.37568e-05
-1.43761e-05
-1.39444e-05
-1.42339e-05
-1.39994e-05
-1.36909e-05
-1.3596e-05
-1.36904e-05
-1.33161e-05
-1.34307e-05
-1.31144e-05
-1.33772e-05
-1.34166e-05
-1.33062e-05
-1.36023e-05
-1.32917e-05
-1.27299e-05
-1.2688e-05
-1.28799e-05
-1.28165e-05
-1.32412e-05
-1.30818e-05
-1.29127e-05
-1.2789e-05
-1.28797e-05
-1.29588e-05
-1.30232e-05
-1.25822e-05
-1.29886e-05
-1.28044e-05
-1.27797e-05
-1.26301e-05
-1.30406e-05
-1.23249e-05
-1.2574e-05
-1.24486e-05
-1.20314e-05
-1.2187e-05
-1.22469e-05
-1.21697e-05
-1.24436e-05
-1.2111e-05
-1.22637e-05
-1.23211e-05
-1.18423e-05
-1.1915e-05
-1.20448e-05
-1.18381e-05
-1.17152e-05
-1.20303e-05
-1.22865e-05
-1.161e-05
-1.13226e-05
-1.17728e-05
-1.1705e-05
-1.14123e-05
-1.14735e-05
-1.11769e-05
-1.14061e-05
-1.1966e-05
-1.19164e-05
-1.17037e-05
-1.09592e-05
-1.13967e-05
-1.1063e-05
-1.14582e-05
-1.11405e-05
-1.12718e-05
-1.17549e-05
-1.08476e-05
-1.08242e-05
-1.10087e-05
-1.10916e-05
-1.11899e-05
-1.04567e-05
-1.06556e-05
-1.12668e-05
-1.10614e-05
-1.05194e-05
-1.10963e-05
-1.07012e-05
-1.04895e-05
-1.08165e-05
-1.06379e-05
-1.00048e-05
-1.04368e-05
-1.06159e-05
-1.04834e-05
-1.03291e-05
-1.03568e-05
-1.05398e-05
-1.01212e-05
-1.03158e-05
-1.03048e-05
-9.68723e-06
-9.92386e-06
-9.87689e-06
-9.5077e-06
-1.00123e-05
-1.00719e-05
-1.01416e-05
-1.01004e-05
-9.58918e-06
-1.01223e-05
-9.64718e-06
-9.94571e-06
-9.80888e-06
-9.9584e-06
-9.74757e-06
-9.12605e-06
-9.59293e-06
-9.60705e-06
-9.14279e-06
-9.40412e-06
-9.26843e-06
-9.67983e-06
-9.48684e-06
-9.27623e-06
-9.48148e-06
-9.13321e-06
-8.93184e-06
-9.36818e-06
-9.09632e-06
-8.8455e-06
-8.99678e-06
-8.58835e-06
-8.73035e-06
-8.89277e-06
-8.62874e-06
-8.66749e-06
-8.40753e-06
-8.48253e-06
-8.39025e-06
-8.56922e-06
-8.67013e-06
-8.33188e-06
-8.29223e-06
-8.6141e-06
-8.94964e-06
-8.68404e-06
-8.36454e-06
-8.1173e-06
-8.59369e-06
-8.23413e-06
-8.59667e-06
-8.56901e-06
-8.02145e-06
-8.20739e-06
-8.05533e-06
-8.27951e-06
-7.43482e-06
-7.88359e-06
-7.82511e-06
-7.86237e-06
-7.88563e-06
-8.38868e-06
-7.78221e-06
-7.66966e-06
-7.81201e-06
-7.74758e-06
-7.70966e-06
-7.61691e-06
-7.57635e-06
-7.45884e-06
-7.20632e-06
-7.79997e-06
-7.32742e-06
-7.44976e-06
-7.14884e-06
-7.37408e-06
-7.82754e-06
-6.93912e-06
-7.31712e-06
-6.89395e-06
