   0.000000000000000
   0.000099000868136
   0.000392014440735
   0.000873075861629
   0.001536248368575
   0.002375627141508
   0.003385343011904
   0.004559566034413
   0.005892508922019
   0.007378430346071
   0.009011638102551
   0.010786492146060
   0.012697407493028
   0.014738856995731
   0.016905373988742
   0.019191554809508
   0.021592061194776
   0.024101622554662
   0.026715038126172
   0.029427179008058
   0.032232990078894
   0.035127491800328
   0.038105781907468
   0.041163036988423
   0.044294513955008
   0.047495551406696
   0.050761570889868
   0.054088078054497
   0.057470663710351
   0.060905004784879
   0.064386865184918
   0.067912096564388
   0.071476639000142
   0.075076521578170
   0.078707862892319
   0.082366871457748
   0.086049846041291
   0.089753175910935
   0.093473341006607
   0.097206912034451
   0.100950550486793
   0.104701008589974
   0.108455129182213
   0.112209845523675
   0.115962181040895
   0.119709249007696
   0.123448252164735
   0.127176482279781
   0.130891319650838
   0.134590232554177
   0.138270776639355
   0.141930594273253
   0.145567413835162
   0.149179048964927
   0.152763397766106
   0.156318441966131
   0.159842246035376
   0.163332956267067
   0.166788799819888
   0.170208083725169
   0.173589193860459
   0.176930593891309
   0.180230824183019
   0.183488500684110
   0.186702313783223
   0.189871027141149
   0.192993476499619
   0.196068568468508
   0.199095279293030
   0.202072653602486
   0.204999803142106
   0.207875905489479
   0.210700202757035
   0.213472000282017
   0.216190665305348
   0.218855625640755
   0.221466368335496
   0.224022438323981
   0.226523437075574
   0.228969021237800
   0.231358901276169
   0.233692840111783
   0.235970651757880
   0.238192199956396
   0.240357396815644
   0.242466201450137
   0.244518618623561
   0.246514697395888
   0.248454529775561
   0.250338249377659
   0.252166030088948
   0.253938084740630
   0.255654663789640
   0.257316054009258
   0.258922577189805
   0.260474588850142
   0.261972476960662
   0.263416660678464
   0.264807589095316
   0.266145739999043
   0.267431618648898
   0.268665756565481
   0.269848710335728
   0.270981060433460
   0.272063410055964
   0.273096383977058
   0.274080627417041
   0.275016804929934
   0.275905599308370
   0.276747710506471
   0.277543854581045
   0.278294762651374
   0.279001179877884
   0.279663864459928
   0.280283586652917
   0.280861127804995
   0.281397279413448
   0.281892842200999
   0.282348625212128
   0.282765444929551
   0.283144124410940
   0.283485492445983
   0.283790382733835
   0.284059633081009
   0.284294084619739
   0.284494581046823
   0.284661967882938
   0.284797091752411
   0.284900799683402
   0.284973938428459
   0.285017353805362
   0.285031890058192
   0.285018389238516
   0.284977690606598
   0.284910630052499
   0.284818039536944
   0.284700746551812
   0.284559573600092
   0.284395337695137
   0.284208849879052
   0.284000914760011
   0.283772330068324
   0.283523886231046
   0.283256365964911
   0.282970543887374
   0.282667186145529
   0.282347050062672
   0.282010883802264
   0.281659426049039
   0.281293405707013
   0.280913541614124
   0.280520542273233
   0.280115105599227
   0.279697918681939
   0.279269657564600
   0.278830987037552
   0.278382560446922
   0.277925019517967
   0.277458994192803
   0.276985102482209
   0.276503950331223
   0.276016131498212
   0.275522227447117
   0.275022807252583
   0.274518427517643
   0.274009632303673
   0.273496953072298
   0.272980908638942
   0.272462005137717
   0.271940735997350
   0.271417581927826
   0.270893010917450
   0.270367478240028
   0.269841426471850
   0.269315285518177
   0.268789472648933
   0.268264392543300
   0.267740437342916
   0.267217986713383
   0.266697407913786
   0.266179055873936
   0.265663273279050
   0.265150390661571
   0.264640726499857
   0.264134587323451
   0.263632267824657
   0.263134050976143
   0.262640208154309
   0.262150999268149
   0.261666672893332
   0.261187466411264
   0.260713606152854
   0.260245307546740
   0.259782775271731
   0.259326203413210
   0.258875775623263
   0.258431665284305
   0.257994035675952
   0.257563040144932
   0.257138822277796
   0.256721516076222
   0.256311246134689
   0.255908127820309
   0.255512267454622
   0.255123762497148
   0.254742701730488
   0.254369165446804
   0.254003225635474
   0.253644946171741
   0.253294383006185
   0.252951584354841
   0.252616590889790
   0.252289435930066
   0.251970145632711
   0.251658739183834
   0.251355228989511
   0.251059620866387
   0.250771914231843
   0.250492102293579
   0.250220172238494
   0.249956105420718
   0.249699877548700
   0.249451458871199
   0.249210814362092
   0.248977903903872
   0.248752682469737
   0.248535100304164
   0.248325103101878
   0.248122632185109
   0.247927624679065
   0.247740013685519
   0.247559728454443
   0.247386694553598
   0.247220834036021
   0.247062065605324
   0.246910304778757
   0.246765464047951
   0.246627453037305
   0.246496178659949
   0.246371545271226
   0.246253454819669
   0.246141806995396
   0.246036499375913
   0.245937427569264
   0.245844485354508
   0.245757564819477
   0.245676556495808
   0.245601349491201
   0.245531831618891
   0.245467889524319
   0.245409408808978
   0.245356274151413
   0.245308369425387
   0.245265577815176
   0.245227781928009
   0.245194863903630
   0.245166705521003
   0.245143188302134
   0.245124193613040
   0.245109602761844
   0.245099297094031
   0.245093158084842
   0.245091067428854
   0.245092907126724
   0.245098559569136
   0.245107907617958
   0.245120834684631
   0.245137224805802
   0.245156962716237
   0.245179933919023
   0.245206024753093
   0.245235122458094
   0.245267115236632
   0.245301892313915
   0.245339343994826
   0.245379361718465
   0.245421838110177
   0.245466667031117
   0.245513743625363
   0.245562964364641
   0.245614227090668
   0.245667431055177
   0.245722476957632
   0.245779266980707
   0.245837704823528
   0.245897695732752
   0.245959146531499
   0.246021965646194
   0.246086063131345
   0.246151350692311
   0.246217741706091
   0.246285151240189
   0.246353496069579
   0.246422694691833
   0.246492667340438
   0.246563335996353
   0.246634624397849
   0.246706458048670
   0.246778764224564
   0.246851471978225
   0.246924512142687
   0.246997817333214
   0.247071321947733
   0.247144962165844
   0.247218675946463
   0.247292403024122
   0.247366084903989
   0.247439664855636
   0.247513087905596
   0.247586300828764
   0.247659252138669
   0.247731892076662
   0.247804172600068
   0.247876047369329
   0.247947471734190
   0.248018402718959
   0.248088799006883
   0.248158620923682
   0.248227830420269
   0.248296391054707
   0.248364267973426
   0.248431427891750
   0.248497839073756
   0.248563471311515
   0.248628295903736
   0.248692285633858
   0.248755414747619
   0.248817658930131
   0.248878995282506
   0.248939402298052
   0.248998859838072
   0.249057349107311
   0.249114852629056
   0.249171354219947
   0.249226838964499
   0.249281293189393
   0.249334704437533
   0.249387061441921
   0.249438354099364
   0.249488573444040
   0.249537711620948
   0.249585761859272
   0.249632718445668
   0.249678576697520
   0.249723332936165
   0.249766984460119
   0.249809529518330
   0.249850967283463
   0.249891297825259
   0.249930522083960
   0.249968641843845
   0.250005659706881
   0.250041579066500
   0.250076404081538
   0.250110139650335
   0.250142791385020
   0.250174365585991
   0.250204869216610
   0.250234309878122
   0.250262695784809
   0.250290035739405
   0.250316339108761
   0.250341615799794
   0.250365876235720
   0.250389131332578
   0.250411392476063
   0.250432671498673
   0.250452980657182
   0.250472332610436
   0.250490740397498
   0.250508217416135
   0.250524777401657
   0.250540434406118
   0.250555202777879
   0.250569097141546
   0.250582132378278
   0.250594323606478
   0.250605686162870
   0.250616235583956
   0.250625987587870
   0.250634958056623
   0.250643163018742
   0.250650618632312
   0.250657341168410
   0.250663346994942
   0.250668652560888
   0.250673274380935
   0.250677229020527
   0.250680533081307
   0.250683203186966
   0.250685255969486
   0.250686708055796
   0.250687576054810
   0.250687876544876
   0.250687626061612
   0.250686841086138
   0.250685538033699
   0.250683733242675
   0.250681442963979
   0.250678683350830
   0.250675470448918
   0.250671820186931
   0.250667748367461
   0.250663270658280
   0.250658402583975
   0.250653159517945
   0.250647556674756
   0.250641609102843
   0.250635331677562
   0.250628739094582
   0.250621845863616
   0.250614666302478
   0.250607214531477
   0.250599504468121
   0.250591549822147
   0.250583364090853
   0.250574960554744
   0.250566352273471
   0.250557552082067
   0.250548572587470
   0.250539426165329
   0.250530124957089
   0.250520680867341
   0.250511105561444
   0.250501410463399
   0.250491606753982
   0.250481705369119
   0.250471716998507
   0.250461652084464
   0.250451520821012
   0.250441333153184
   0.250431098776540
   0.250420827136904
   0.250410527430301
   0.250400208603089
   0.250389879352290
   0.250379548126105
   0.250369223124609
   0.250358912300624
   0.250348623360756
   0.250338363766602
   0.250328140736107
   0.250317961245081
   0.250307832028854
   0.250297759584079
   0.250287750170662
   0.250277809813829
   0.250267944306313
   0.250258159210658
   0.250248459861643
   0.250238851368802
   0.250229338619063
   0.250219926279468
   0.250210618800001
   0.250201420416489
   0.250192335153598
   0.250183366827901
   0.250174519051018
   0.250165795232831
   0.250157198584756
   0.250148732123079
   0.250140398672347
   0.250132200868805
   0.250124141163889
   0.250116221827750
   0.250108444952829
   0.250100812457455
   0.250093326089483
   0.250085987429951
   0.250078797896767
   0.250071758748413
   0.250064871087662
   0.250058135865315
   0.250051553883939
   0.250045125801619
   0.250038852135706
   0.250032733266573
   0.250026769441360
   0.250020960777717
   0.250015307267541
   0.250009808780696
   0.250004465068724
   0.249999275768537
   0.249994240406091
   0.249989358400039
   0.249984629065360
   0.249980051616964
   0.249975625173267
   0.249971348759738
   0.249967221312414
   0.249963241681381
   0.249959408634222
   0.249955720859425
   0.249952176969755
   0.249948775505585
   0.249945514938185
   0.249942393672970
   0.249939410052704
   0.249936562360655
   0.249933848823708
   0.249931267615428
   0.249928816859075
   0.249926494630573
   0.249924298961419
   0.249922227841554
   0.249920279222168
   0.249918451018469
   0.249916741112381
   0.249915147355200
   0.249913667570196
   0.249912299555149
   0.249911041084845
   0.249909889913507
   0.249908843777170
   0.249907900396006
   0.249907057476587
   0.249906312714098
   0.249905663794484
   0.249905108396554
   0.249904644194013
   0.249904268857453
   0.249903980056277
   0.249903775460574
   0.249903652742930
   0.249903609580193
   0.249903643655175
   0.249903752658303
   0.249903934289214
   0.249904186258295
   0.249904506288171
   0.249904892115136
   0.249905341490535
   0.249905852182091
   0.249906421975179
   0.249907048674048
   0.249907730102999
   0.249908464107502
   0.249909248555270
   0.249910081337283
   0.249910960368759
   0.249911883590085
   0.249912848967695
   0.249913854494899
   0.249914898192676
   0.249915978110411
   0.249917092326596
   0.249918238949481
   0.249919416117689
   0.249920622000783
   0.249921854799792
   0.249923112747704
   0.249924394109910
   0.249925697184614
   0.249927020303205
   0.249928361830591
   0.249929720165497
   0.249931093740728
   0.249932481023395
   0.249933880515111
   0.249935290752152
   0.249936710305584
   0.249938137781364
   0.249939571820406
   0.249941011098616
   0.249942454326909
   0.249943900251180
   0.249945347652267
   0.249946795345876
   0.249948242182482
   0.249949687047209
   0.249951128859686
   0.249952566573877
   0.249953999177889
   0.249955425693764
   0.249956845177244
   0.249958256717520
   0.249959659436962
   0.249961052490829
   0.249962435066961
   0.249963806385462
   0.249965165698353
   0.249966512289226
   0.249967845472870
   0.249969164594890
   0.249970469031314
   0.249971758188185
   0.249973031501141
   0.249974288434984
   0.249975528483243
   0.249976751167721
   0.249977956038039
   0.249979142671168
   0.249980310670951
   0.249981459667626
   0.249982589317333
   0.249983699301623
   0.249984789326956
   0.249985859124193
   0.249986908448096
   0.249987937076806
   0.249988944811329
   0.249989931475020
   0.249990896913061
   0.249991840991934
   0.249992763598902
   0.249993664641478
   0.249994544046907
   0.249995401761631
   0.249996237750773
   0.249997051997604
   0.249997844503027
   0.249998615285050
   0.249999364378269
   0.250000091833351
   0.250000797716515
   0.250001482109024
   0.250002145106678
   0.250002786819304
   0.250003407370256
   0.250004006895921
   0.250004585545225
   0.250005143479142
   0.250005680870216
   0.250006197902080
   0.250006694768984
   0.250007171675328
   0.250007628835202
   0.250008066471930
   0.250008484817622
   0.250008884112728
   0.250009264605609
   0.250009626552100
   0.250009970215091
   0.250010295864113
   0.250010603774926
   0.250010894229119
   0.250011167513715
   0.250011423920787
   0.250011663747074
   0.250011887293615
   0.250012094865378
   0.250012286770910
   0.250012463321983
   0.250012624833255
   0.250012771621940
   0.250012904007475
   0.250013022311209
   0.250013126856092
   0.250013217966370
   0.250013295967295
   0.250013361184838
   0.250013413945407
   0.250013454575585
   0.250013483401858
   0.250013500750368
   0.250013506946662
   0.250013502315455
   0.250013487180397
   0.250013461863852
   0.250013426686680
   0.250013381968027
   0.250013328025129
   0.250013265173113
   0.250013193724816
   0.250013113990602
   0.250013026278192
   0.250012930892502
   0.250012828135481
   0.250012718305964
   0.250012601699529
   0.250012478608356
   0.250012349321104
   0.250012214122780
   0.250012073294629
   0.250011927114019
   0.250011775854340
   0.250011619784902
   0.250011459170850
   0.250011294273070
   0.250011125348118
   0.250010952648138
   0.250010776420798
   0.250010596909226
   0.250010414351953
   0.250010228982860
   0.250010041031133
   0.250009850721218
   0.250009658272786
   0.250009463900704
   0.250009267815002
   0.250009070220852
   0.250008871318555
   0.250008671303519
   0.250008470366257
   0.250008268692376
   0.250008066462579
   0.250007863852667
   0.250007661033543
   0.250007458171225
   0.250007255426860
   0.250007052956738
   0.250006850912312
   0.250006649440227
   0.250006448682340
   0.250006248775755
   0.250006049852851
   0.250005852041320
   0.250005655464206
   0.250005460239942
   0.250005266482394
   0.250005074300908
   0.250004883800357
   0.250004695081188
   0.250004508239477
   0.250004323366981
   0.250004140551191
   0.250003959875395
   0.250003781418731
   0.250003605256248
   0.250003431458971
   0.250003260093963
   0.250003091224385
   0.250002924909566
   0.250002761205071
   0.250002600162760
   0.250002441830869
   0.250002286254066
   0.250002133473533
   0.250001983527028
   0.250001836448960
   0.250001692270462
   0.250001551019462
   0.250001412720752
   0.250001277396070
   0.250001145064163
   0.250001015740868
   0.250000889439183
   0.250000766169340
   0.250000645938879
   0.250000528752722
   0.250000414613248
   0.250000303520362
   0.250000195471572
   0.250000090462063
   0.249999988484764
   0.249999889530424
   0.249999793587684
   0.249999700643148
   0.249999610681451
   0.249999523685333
   0.249999439635706
   0.249999358511726
   0.249999280290857
   0.249999204948944
   0.249999132460273
   0.249999062797646
   0.249998995932439
   0.249998931834669
   0.249998870473060
   0.249998811815103
   0.249998755827120
   0.249998702474323
   0.249998651720876
   0.249998603529953
   0.249998557863800
   0.249998514683784
   0.249998473950459
   0.249998435623615
   0.249998399662333
   0.249998366025040
   0.249998334669560
   0.249998305553166
   0.249998278632629
   0.249998253864266
   0.249998231203990
   0.249998210607356
   0.249998192029604
   0.249998175425710
   0.249998160750420
   0.249998147958303
   0.249998137003781
   0.249998127841180
   0.249998120424761
   0.249998114708760
   0.249998110647428
   0.249998108195062
   0.249998107306043
   0.249998107934867
   0.249998110036180
   0.249998113564808
   0.249998118475785
   0.249998124724387
   0.249998132266157
   0.249998141056934
   0.249998151052874
   0.249998162210483
   0.249998174486636
   0.249998187838599
   0.249998202224057
   0.249998217601127
   0.249998233928385
   0.249998251164882
   0.249998269270161
   0.249998288204280
   0.249998307927820
   0.249998328401906
   0.249998349588223
   0.249998371449024
   0.249998393947147
   0.249998417046027
   0.249998440709705
   0.249998464902840
   0.249998489590719
   0.249998514739264
   0.249998540315042
   0.249998566285270
   0.249998592617825
   0.249998619281246
   0.249998646244742
   0.249998673478196
   0.249998700952167
   0.249998728637896
   0.249998756507306
   0.249998784533006
   0.249998812688290
   0.249998840947140
   0.249998869284226
   0.249998897674904
   0.249998926095217
   0.249998954521891
   0.249998982932336
   0.249999011304642
   0.249999039617578
   0.249999067850586
   0.249999095983778
   0.249999123997934
   0.249999151874495
   0.249999179595558
   0.249999207143873
   0.249999234502836
   0.249999261656482
   0.249999288589481
   0.249999315287128
   0.249999341735340
   0.249999367920646
   0.249999393830179
   0.249999419451673
   0.249999444773447
   0.249999469784406
   0.249999494474025
   0.249999518832343
   0.249999542849956
   0.249999566518007
   0.249999589828173
   0.249999612772663
   0.249999635344202
   0.249999657536024
   0.249999679341863
   0.249999700755942
   0.249999721772964
   0.249999742388101
   0.249999762596983
   0.249999782395693
   0.249999801780748
   0.249999820749099
   0.249999839298113
   0.249999857425563
   0.249999875129625
   0.249999892408860
   0.249999909262204
   0.249999925688965
   0.249999941688804
   0.249999957261729
   0.249999972408085
   0.249999987128543
   0.250000001424090
   0.250000015296017
   0.250000028745913
   0.250000041775650
   0.250000054387379
   0.250000066583514
   0.250000078366726
   0.250000089739934
   0.250000100706292
   0.250000111269182
   0.250000121432204
   0.250000131199167
   0.250000140574078
   0.250000149561138
   0.250000158164726
   0.250000166389395
   0.250000174239863
   0.250000181721002
   0.250000188837831
   0.250000195595510
   0.250000201999327
   0.250000208054694
   0.250000213767137
   0.250000219142289
   0.250000224185882
   0.250000228903742
   0.250000233301776
   0.250000237385972
   0.250000241162386
   0.250000244637138
   0.250000247816405
   0.250000250706415
   0.250000253313439
   0.250000255643786
   0.250000257703796
   0.250000259499837
   0.250000261038293
   0.250000262325566
   0.250000263368064
   0.250000264172200
   0.250000264744385
   0.250000265091024
   0.250000265218508
   0.250000265133215
   0.250000264841500
   0.250000264349694
   0.250000263664098
   0.250000262790980
   0.250000261736569
   0.250000260507056
   0.250000259108583
   0.250000257547246
   0.250000255829090
   0.250000253960103
   0.250000251946215
   0.250000249793297
   0.250000247507153
   0.250000245093522
   0.250000242558076
   0.250000239906411
   0.250000237144053
   0.250000234276450
   0.250000231308971
   0.250000228246908
   0.250000225095469
   0.250000221859779
   0.250000218544878
   0.250000215155720
   0.250000211697169
   0.250000208174002
   0.250000204590906
   0.250000200952475
   0.250000197263212
   0.250000193527527
   0.250000189749736
   0.250000185934060
   0.250000182084626
   0.250000178205465
   0.250000174300513
   0.250000170373609
   0.250000166428498
   0.250000162468825
   0.250000158498142
   0.250000154519904
   0.250000150537468
   0.250000146554098
   0.250000142572960
   0.250000138597125
   0.250000134629571
   0.250000130673178
   0.250000126730736
   0.250000122804938
   0.250000118898386
   0.250000115013591
   0.250000111152971
   0.250000107318853
   0.250000103513476
   0.250000099738990
   0.250000095997456
   0.250000092290848
   0.250000088621057
   0.250000084989884
   0.250000081399052
   0.250000077850196
   0.250000074344874
   0.250000070884562
   0.250000067470655
   0.250000064104474
   0.250000060787259
   0.250000057520179
   0.250000054304326
   0.250000051140720
   0.250000048030311
   0.250000044973978
   0.250000041972530
   0.250000039026712
   0.250000036137200
   0.250000033304607
   0.250000030529485
   0.250000027812320
   0.250000025153542
   0.250000022553520
   0.250000020012567
   0.250000017530939
   0.250000015108839
   0.250000012746416
   0.250000010443768
   0.250000008200944
   0.250000006017942
   0.250000003894715
   0.250000001831170
   0.249999999827169
   0.249999997882531
   0.249999995997035
   0.249999994170418
   0.249999992402381
   0.249999990692584
   0.249999989040654
   0.249999987446184
   0.249999985908730
   0.249999984427820
   0.249999983002949
   0.249999981633584
   0.249999980319165
   0.249999979059102
   0.249999977852783
   0.249999976699569
   0.249999975598800
   0.249999974549794
   0.249999973551847
   0.249999972604237
   0.249999971706223
   0.249999970857047
   0.249999970055935
   0.249999969302097
   0.249999968594730
   0.249999967933019
   0.249999967316135
   0.249999966743240
   0.249999966213486
   0.249999965726014
   0.249999965279959
   0.249999964874449
   0.249999964508605
   0.249999964181543
   0.249999963892375
   0.249999963640208
   0.249999963424148
   0.249999963243298
   0.249999963096759
   0.249999962983634
   0.249999962903023
   0.249999962854030
   0.249999962835759
   0.249999962847315
   0.249999962887809
   0.249999962956353
   0.249999963052064
   0.249999963174065
   0.249999963321480
   0.249999963493445
   0.249999963689096
   0.249999963907581
   0.249999964148052
   0.249999964409670
   0.249999964691604
   0.249999964993031
   0.249999965313137
   0.249999965651118
   0.249999966006179
   0.249999966377537
   0.249999966764416
   0.249999967166053
   0.249999967581695
   0.249999968010602
   0.249999968452042
   0.249999968905297
   0.249999969369662
   0.249999969844441
   0.249999970328953
   0.249999970822528
   0.249999971324510
   0.249999971834255
   0.249999972351131
   0.249999972874520
   0.249999973403818
   0.249999973938432
   0.249999974477784
   0.249999975021309
   0.249999975568456
   0.249999976118685
   0.249999976671474
   0.249999977226309
   0.249999977782694
   0.249999978340144
   0.249999978898188
   0.249999979456370
   0.249999980014244
   0.249999980571381
   0.249999981127364
   0.249999981681787
   0.249999982234261
   0.249999982784408
   0.249999983331862
   0.249999983876273
   0.249999984417300
   0.249999984954618
   0.249999985487913
   0.249999986016883
   0.249999986541239
   0.249999987060704
   0.249999987575015
   0.249999988083917
   0.249999988587169
   0.249999989084542
   0.249999989575818
   0.249999990060790
   0.249999990539261
   0.249999991011047
   0.249999991475974
   0.249999991933878
   0.249999992384606
   0.249999992828014
   0.249999993263969
   0.249999993692349
   0.249999994113039
   0.249999994525935
   0.249999994930942
   0.249999995327975
   0.249999995716955
   0.249999996097815
   0.249999996470493
   0.249999996834940
   0.249999997191109
   0.249999997538966
   0.249999997878482
   0.249999998209635
   0.249999998532413
   0.249999998846807
   0.249999999152819
   0.249999999450455
   0.249999999739727
   0.250000000020655
   0.250000000293264
   0.250000000557586
   0.250000000813656
   0.250000001061517
   0.250000001301216
   0.250000001532806
   0.250000001756343
   0.250000001971890
   0.250000002179513
   0.250000002379281
   0.250000002571271
   0.250000002755561
   0.250000002932232
   0.250000003101372
   0.250000003263068
   0.250000003417415
   0.250000003564506
   0.250000003704442
   0.250000003837322
   0.250000003963252
   0.250000004082336
   0.250000004194684
   0.250000004300406
   0.250000004399614
   0.250000004492423
   0.250000004578949
   0.250000004659310
   0.250000004733623
   0.250000004802011
   0.250000004864592
   0.250000004921491
   0.250000004972830
   0.250000005018732
   0.250000005059323
   0.250000005094728
   0.250000005125071
   0.250000005150478
   0.250000005171076
   0.250000005186990
   0.250000005198346
   0.250000005205270
   0.250000005207887
   0.250000005206323
   0.250000005200702
   0.250000005191149
   0.250000005177787
   0.250000005160740
   0.250000005140130
   0.250000005116078
   0.250000005088706
   0.250000005058132
   0.250000005024476
   0.250000004987855
   0.250000004948385
   0.250000004906183
   0.250000004861362
   0.250000004814034
   0.250000004764311
   0.250000004712303
   0.250000004658119
   0.250000004601866
   0.250000004543648
   0.250000004483571
   0.250000004421736
   0.250000004358243
   0.250000004293193
   0.250000004226682
   0.250000004158806
   0.250000004089659
   0.250000004019332
   0.250000003947916
   0.250000003875500
   0.250000003802171
   0.250000003728012
   0.250000003653107
   0.250000003577536
   0.250000003501381
   0.250000003424716
   0.250000003347619
   0.250000003270162
   0.250000003192417
   0.250000003114455
   0.250000003036342
   0.250000002958145
   0.250000002879928
   0.250000002801753
   0.250000002723681
   0.250000002645770
   0.250000002568076
   0.250000002490655
   0.250000002413560
   0.250000002336841
   0.250000002260548
   0.250000002184728
   0.250000002109428
   0.250000002034691
   0.250000001960559
   0.250000001887073
   0.250000001814272
   0.250000001742193
   0.250000001670871
   0.250000001600341
   0.250000001530633
   0.250000001461780
   0.250000001393810
   0.250000001326751
   0.250000001260628
   0.250000001195466
   0.250000001131287
   0.250000001068114
   0.250000001005967
   0.250000000944863
   0.250000000884821
   0.250000000825856
   0.250000000767983
   0.250000000711216
   0.250000000655566
   0.250000000601044
   0.250000000547659
   0.250000000495421
   0.250000000444337
   0.250000000394412
   0.250000000345652
   0.250000000298061
   0.250000000251641
   0.250000000206395
   0.250000000162324
   0.250000000119428
   0.250000000077705
   0.250000000037154
   0.249999999997773
   0.249999999959557
   0.249999999922502
   0.249999999886604
   0.249999999851857
   0.249999999818253
   0.249999999785785
   0.249999999754446
   0.249999999724227
   0.249999999695119
   0.249999999667111
   0.249999999640193
   0.249999999614354
   0.249999999589583
   0.249999999565868
   0.249999999543196
   0.249999999521554
   0.249999999500929
   0.249999999481307
   0.249999999462673
   0.249999999445014
   0.249999999428314
   0.249999999412559
   0.249999999397732
   0.249999999383818
   0.249999999370801
   0.249999999358665
   0.249999999347393
   0.249999999336968
   0.249999999327374
   0.249999999318594
   0.249999999310611
   0.249999999303407
   0.249999999296965
   0.249999999291267
   0.249999999286296
   0.249999999282035
   0.249999999278466
   0.249999999275571
   0.249999999273333
   0.249999999271733
   0.249999999270755
   0.249999999270380
   0.249999999270592
   0.249999999271372
   0.249999999272704
   0.249999999274569
   0.249999999276951
   0.249999999279833
   0.249999999283197
   0.249999999287027
   0.249999999291306
   0.249999999296016
   0.249999999301143
   0.249999999306668
   0.249999999312577
   0.249999999318853
   0.249999999325481
   0.249999999332444
   0.249999999339728
   0.249999999347317
   0.249999999355196
   0.249999999363350
   0.249999999371766
   0.249999999380427
   0.249999999389322
   0.249999999398434
   0.249999999407752
   0.249999999417261
   0.249999999426948
   0.249999999436801
   0.249999999446806
   0.249999999456952
   0.249999999467226
   0.249999999477617
   0.249999999488112
   0.249999999498700
   0.249999999509371
   0.249999999520113
   0.249999999530915
   0.249999999541769
   0.249999999552663
   0.249999999563587
   0.249999999574533
   0.249999999585490
   0.249999999596451
   0.249999999607405
   0.249999999618346
   0.249999999629264
   0.249999999640151
   0.249999999651000
   0.249999999661804
   0.249999999672556
   0.249999999683247
   0.249999999693873
   0.249999999704425
   0.249999999714899
   0.249999999725288
   0.249999999735587
   0.249999999745790
   0.249999999755892
   0.249999999765887
   0.249999999775772
   0.249999999785542
   0.249999999795192
   0.249999999804718
   0.249999999814117
   0.249999999823384
   0.249999999832517
   0.249999999841512
   0.249999999850367
   0.249999999859077
   0.249999999867642
   0.249999999876057
   0.249999999884322
   0.249999999892434
   0.249999999900391
   0.249999999908191
   0.249999999915833
   0.249999999923316
   0.249999999930638
   0.249999999937799
   0.249999999944797
   0.249999999951632
   0.249999999958303
   0.249999999964810
   0.249999999971153
   0.249999999977331
   0.249999999983344
   0.249999999989193
   0.249999999994877
   0.250000000000398
   0.250000000005755
   0.250000000010950
   0.250000000015982
   0.250000000020853
   0.250000000025564
   0.250000000030116
   0.250000000034509
   0.250000000038746
   0.250000000042827
   0.250000000046753
   0.250000000050527
   0.250000000054150
   0.250000000057623
   0.250000000060947
   0.250000000064126
   0.250000000067161
   0.250000000070052
   0.250000000072804
   0.250000000075416
   0.250000000077892
   0.250000000080234
   0.250000000082443
   0.250000000084522
   0.250000000086474
   0.250000000088299
   0.250000000090001
   0.250000000091582
   0.250000000093044
   0.250000000094390
   0.250000000095621
   0.250000000096741
   0.250000000097752
   0.250000000098656
   0.250000000099455
   0.250000000100153
   0.250000000100751
   0.250000000101252
   0.250000000101659
   0.250000000101973
   0.250000000102198
   0.250000000102336
   0.250000000102389
   0.250000000102360
   0.250000000102252
   0.250000000102066
   0.250000000101805
   0.250000000101472
   0.250000000101068
   0.250000000100598
   0.250000000100062
   0.250000000099462
   0.250000000098803
   0.250000000098085
   0.250000000097311
   0.250000000096484
   0.250000000095604
   0.250000000094676
   0.250000000093701
   0.250000000092680
   0.250000000091617
   0.250000000090513
   0.250000000089371
   0.250000000088192
   0.250000000086979
   0.250000000085732
   0.250000000084456
   0.250000000083150
   0.250000000081818
   0.250000000080460
   0.250000000079080
   0.250000000077678
   0.250000000076256
   0.250000000074816
   0.250000000073360
   0.250000000071889
   0.250000000070406
   0.250000000068910
   0.250000000067405
   0.250000000065891
   0.250000000064370
   0.250000000062843
   0.250000000061312
   0.250000000059778
   0.250000000058242
   0.250000000056706
   0.250000000055171
   0.250000000053638
   0.250000000052107
   0.250000000050581
   0.250000000049061
   0.250000000047547
   0.250000000046040
   0.250000000044541
   0.250000000043052
   0.250000000041573
   0.250000000040105
   0.250000000038649
   0.250000000037206
   0.250000000035776
   0.250000000034360
   0.250000000032959
