0.0
9.900087229690654e-05
0.0003920144511203808
0.0008730758847358895
0.0015362483926920612
0.0023756274485334226
0.0033853433499982386
0.004559565754421963
0.005892509196017938
0.007378431071567275
0.009011639189547735
0.01078649099802194
0.012697407944269563
0.01473885579738875
0.01690537119835401
0.01919155201994639
0.021592057997253084
0.024101617029542253
0.02671503430618204
0.02942717123635836
0.03223298138986605
0.03512747966527375
0.038105766898497685
0.04116302031902721
0.04429449605055689
0.04749553346125451
0.05076155816703066
0.0540880686724489
0.05747065453110332
0.060905014602895366
0.0643868833431003
0.06791213211355658
0.07147668759438827
0.07507659394764868
0.07870795109640102
0.08236699342813375
0.08605000597289587
0.08975335825376307
0.09347355000942323
0.09720715367492327
0.1009508194095867
0.10470127805450655
0.10845541955733944
0.11221012560594719
0.11596244091051956
0.11970948706694433
0.1234484513381362
0.12717661650580322
0.1308913761266132
0.13459018506415327
0.13827060430575108
0.14193029827148312
0.14556689780641452
0.14917835201202215
0.15276248499314235
0.15631728556613816
0.15984077609709318
0.16333124310832314
0.16678681832823927
0.17020576397722934
0.17358656354963506
0.1769276289732612
0.18022755766783397
0.18348491974143505
0.18669843292061583
0.1898669072329894
0.19298910097425226
0.19606398493903746
0.1990905393628783
0.20206784873936331
0.20499492065273428
0.207871101861496
0.21069552804101618
0.21346749812631394
0.2161864529490333
0.21885178214740647
0.2214629916541507
0.22401963151191936
0.22652136631597702
0.22896772570642776
0.23135859615369572
0.23369352629145276
0.2359724832983751
0.23819526881298042
0.24036185218342657
0.24247213008146123
0.24452611873768162
0.2465238585167774
0.24846540294106334
0.25035099998642685
0.2521806437890632
0.2539546428468836
0.25567314851052614
0.25733656396852017
0.25894511674229204
0.26049915868124873
0.2619990710193086
0.2634451618276678
0.264837989431661
0.26617797548677763
0.2674656598622897
0.26870147228426033
0.2698860095987703
0.27101969462459646
0.27210326669909346
0.2731372546283115
0.2741223420853975
0.27505930354938535
0.27594850738856025
0.2767907561509286
0.2775869202525473
0.2783374189943852
0.2790432640609356
0.2797051678944972
0.2803237549068722
0.2808998411363403
0.2814342672106003
0.28192771035726816
0.2823811345575833
0.2827952596219119
0.2831708864022673
0.2835089159841574
0.28381014986517483
0.28407546850999565
0.2843056491450041
0.2845015630344743
0.28466413915151706
0.2847941454329382
0.28489244395704383
0.2849600766825185
0.28499760044788947
0.28500603413408643
0.28498628279205945
0.2849391083708215
0.28486547246200583
0.28476608425764316
0.28464199016614966
0.2844938869238607
0.2843227242584294
0.28412920257451985
0.28391401108382114
0.2836784628720599
0.2834230379040556
0.28314841641429
0.28285587222376374
0.28254564325403064
0.2822188920275364
0.28187615356816004
0.2815184041912884
0.281146349919858
0.2807607153910572
0.2803619633262622
0.27995135895026235
0.2795291961567298
0.27909634471009476
0.2786534481665349
0.2782011658579682
0.27774004800942176
0.27727096809014334
0.27679442295232465
0.27631130482885924
0.2758216949992271
0.27532660110344037
0.2748264329856742
0.2743217818936508
0.2738133276375541
0.27330149963703887
0.2727868932944562
0.27226996918073476
0.27175110057002183
0.27123105057672703
0.270709864181935
0.2701885745599541
0.2696671565410093
0.2691462918291484
0.26862632239149614
0.2681074705534228
0.2675906096451379
0.2670753944011178
0.26656274617148185
0.2660527450052618
0.26554588691336795
0.2650424394004217
0.26454261209242824
0.2640467596033958
0.26355529692378976
0.26306806639685043
0.2625857759013548
0.26210842420959746
0.26163648360389813
0.2611698266857207
0.2607089021092451
0.2602537737072964
0.25980483177872626
0.25936178458086584
0.2589255352316722
0.2584952746895272
0.2580720837272907
0.2576555256116324
0.2572458197155641
0.25684308903467196
0.2564475565688158
0.2560591142952958
0.255678033947054
0.25530427592860333
0.2549376126349061
0.2545786918942666
0.25422729421702506
0.25388315840156533
0.2535467415864856
0.25321791474884675
0.2528966963294974
0.2525830547875675
0.2522770611582724
0.25197871199751165
0.25168775516577907
0.2514045987483386
0.2511289149148063
0.2508605131796648
0.25059984647959427
0.25034661890147686
0.2501008384154983
0.24986226873388312
0.24963097278879165
0.24940692794918495
0.2491903582971071
0.2489806790184985
0.24877788635595233
0.24858225833548042
0.2483934220193349
0.24821178995838442
0.24803632864024328
0.2478679107259098
0.24770586121383797
0.24755051019880572
0.24740114626547594
0.24725842651860033
0.24712175886347873
0.2469913406911856
0.24686684749346985
0.2467482146223271
0.2466354107799296
0.24652829181550584
0.2464267158183085
0.246330832243505
0.2462401040934314
0.24615468590879705
0.24607449803758036
0.24599950011624747
0.24592947522924796
0.2458641538984945
0.2458034646034561
0.2457475844172348
0.24569634238785848
0.24564942094178194
0.2456066336844538
0.24556815293922332
0.24553401622442947
0.24550386677018843
0.24547743407183945
0.24545474327410327
0.24543567296152216
0.24542029822095718
0.2454084603070173
0.24539997500379754
0.24539472762278444
0.24539279473753398
0.24539368553355262
0.2453977032180005
0.24540460845637424
0.24541415302717465
0.24542670051765322
0.24544166600997927
0.2454592842241679
0.24547916258523492
0.2455013886442504
0.24552612610188354
0.24555266306315093
0.24558144917301533
0.24561179827565408
0.24564471911686145
0.24567918583019072
0.2457155944771431
0.24575325680182641
0.24579278373819835
0.24583371736862758
0.24587596145462906
0.2459199613762915
0.24596510619875636
0.24601148522452687
0.24605908323736891
0.24610753273233435
0.24615713955329413
0.24620791410302137
0.24625952872043316
0.24631174837513153
0.24636498195846251
0.2464189434055409
0.2464732246319362
0.24652840579332483
0.24658445981513571
0.24664064473742245
0.24669700607244924
0.24675448823170779
0.24681206915668286
0.24686974194960626
0.24692793100913593
0.2469861773070415
0.24704485985706945
0.24710344399164472
0.24716218284166522
0.24722090408434638
0.24727997142108402
0.24733863018791083
0.2473976655194896
0.2474563249988939
0.24751516417499003
0.24757368344366334
0.24763194164822108
0.24769021079368556
0.24774822529767335
0.24780581418842332
0.24786340624709102
0.2479202227947389
0.2479772419175938
0.24803348270435013
0.24808953607913828
0.24814521602066764
0.24820027087603277
0.2482551393891083
0.24830959887860327
0.2483633566086899
0.24841703471473467
0.24846990753210968
0.2485221442596805
0.24857390456074377
0.2486255346735237
0.24867598660492213
0.24872617380927686
0.2487758470767629
0.2488247388644695
0.24887321687049838
0.24892088909310384
0.2489679856030405
0.2490145303745193
0.24906061932982856
0.24910586069916318
0.24915020302309834
0.2491942200156965
0.24923745130982958
0.24928044940107374
0.24932228162373837
0.24936348737000505
0.24940435980699685
0.24944436161807135
0.2494836612737698
0.24952195461259702
0.24955971878821134
0.24959714576716538
0.24963385823377487
0.249669395916364
0.2497049756190695
0.2497394417915729
0.24977294092576907
0.24980636418054825
0.2498388614768929
0.24987081997016267
0.249901745923183
0.2499324287208424
0.24996212052973138
0.24999123799655637
0.25001977741354603
0.25004746995402155
0.2500746862182452
0.2501015442912869
0.2501273997736097
0.2501524179300207
0.25017706398215994
0.25020125310296637
0.2502245900008277
0.2502472519632385
0.2502697732776622
0.2502914682713711
0.250312313077987
0.2503324582420276
0.250352560795122
0.25037167683547457
0.250390611014967
0.2504084786146621
0.25042606317624905
0.250443055691816
0.25045962514418224
0.250474891759629
0.2504904512539792
0.2505054530152494
0.25052022486833914
0.2505332590262168
0.25054709160616545
0.25055954963949617
0.2505717167785277
0.25058388892731304
0.2505948908692199
0.25060605421980087
0.25061660088257914
0.25062633729976996
0.25063619586813085
0.2506450900269844
0.25065373967935234
0.25066212605428506
0.2506699180518536
0.25067696162680014
0.25068397343950793
0.2506907772935583
0.25069693891852896
0.2507028421861466
0.2507078928861896
0.25071298572052775
0.2507175680360065
0.25072220780677457
0.2507262128575341
0.25072964213210436
0.2507333501336169
0.2507362001311815
0.25073877782569026
0.250740999274335
0.25074330140467316
0.2507451244804614
0.2507466481446724
0.2507478440287402
0.25074869245528375
0.25074922857598547
0.2507497909662836
0.25074960000960567
0.2507497203325914
0.25074915647932766
0.25074825063176215
0.25074752365080655
0.25074616538478034
0.2507452262919355
0.25074357387995794
0.2507418312671146
0.2507397168429594
0.2507377653394561
0.2507350342962469
0.2507324743238696
0.25072981473644446
0.250726896699753
0.25072400096183683
0.25072018989418376
0.2507171713173152
0.2507136428356518
0.25070988294852287
0.25070568838880847
0.25070183298236826
0.25069730209370666
0.2506934846193247
0.25068882033209733
0.25068427053454034
0.2506792856236986
0.25067487599780086
0.25066933872192076
0.2506643668293682
0.2506593505085179
0.250654061388164
0.2506490969686841
0.2506432981744806
0.25063779245931717
0.25063182346999635
0.250626310351588
0.25062058757677913
0.25061455319682335
0.2506087812769459
0.25060258029261173
0.2505967502729419
0.25059036903850035
0.2505845604625544
0.25057824521070826
0.25057187198943237
0.25056529044567377
0.2505590838168043
0.25055279142363807
0.2505462954290563
0.25053970210157317
0.25053330046874805
0.25052673215937327
0.25052015153768437
0.250513088203245
0.25050673627028985
0.25050014236341905
0.2504938106726755
0.25048673807784316
0.25048005295651055
0.25047340944335367
0.25046647809721667
0.2504599318223517
0.25045309065981514
0.2504465446708526
0.25043967328705397
0.25043279994416523
0.2504261626900878
0.25041936968350925
0.2504127367689754
0.2504060068298238
0.25039943506869333
0.25039258915696466
0.25038597028453324
0.2503794775946402
0.2503726234454184
0.250366250703078
0.25035966659758346
0.25035296452043426
0.2503464195518428
0.2503398189522518
0.25033322445542644
0.25032719315249535
0.2503201955221196
0.25031420934325255
0.2503075860442562
0.25030125600658587
0.25029542848730013
0.25028865854212917
0.2502824637309721
0.25027588603644557
0.2502701496207497
0.2502638876196495
0.2502578658846041
0.25025163337382755
0.25024551663136513
0.2502395692837919
0.2502335287361436
0.2502276634774691
0.2502218781781044
0.2502159248478695
0.25021000596809734
0.25020449416481794
0.25019904350896294
0.2501932509161524
0.2501877183997649
0.2501821982910655
0.2501767772322337
0.25017126100990744
0.25016552414550003
0.2501604501826231
0.25015499926028045
0.2501498683660094
0.2501444786577289
0.2501395125705399
0.2501343640149041
0.25012938361992854
0.25012431789335327
0.25011922504743395
0.250114382661275
0.25010972949717264
0.25010459493761383
0.25009983407988445
0.250095839441623
0.2500909131492924
0.25008608150091294
0.25008149253209144
0.25007710660045446
0.2500723577676379
0.25006825046555375
0.25006375942695336
0.2500596929954972
0.25005549218849626
0.25005102015581804
0.2500472071879194
0.2500424677034877
0.25003891097736536
0.25003497693079574
0.25003091580083525
0.2500268725132557
0.25002294358030613
0.25001941140598755
0.2500155914848253
0.2500122411093467
0.25000855852548165
0.25000511112227297
0.2500014799743666
0.24999809416636185
0.24999467506810516
0.24999092019042188
0.24998770485546137
0.24998456521589907
0.24998140979933728
0.2499779429504627
0.24997483207688442
0.24997178283017324
0.24996895913625508
0.24996597843853066
0.2499627933930885
0.24995997652355548
0.24995700124189763
0.24995434080471868
0.2499519766682243
0.24994885276972956
0.24994621896269534
0.24994347633232541
0.24994110170188683
0.24993864576635544
0.24993630991150276
0.2499334516463014
0.24993136809281988
0.2499287501782344
0.24992623755002663
0.2499245885466447
0.24992236122660394
0.24991966182020017
0.24991742572215295
0.24991593854776814
0.24991367736395184
0.24991148105728841
0.24990944888380065
0.2499074650428972
0.24990557850272715
0.249903892915363
0.24990251796675847
0.2499005540352654
0.249898905234122
0.2498970953164052
0.2498951583800915
0.24989371126787305
0.2498921280760887
0.24989063078925725
0.24988936920740812
0.24988754399738602
0.24988603728455985
0.24988488543338494
0.24988346916489654
0.24988214894573657
0.24988063085234977
0.24987978623518273
0.24987846871315236
0.24987698280101792
0.24987598787225201
0.2498745996015128
0.24987388357014675
0.249872752666426
0.24987149579440512
0.24987072049791798
0.24986993995840187
0.24986873404314572
0.24986788622976042
0.24986692620088055
0.24986622616802723
0.24986558795605032
0.2498642398232551
0.24986332409167453
0.24986303282101993
0.24986230956571095
0.24986139387957385
0.24986056747573426
0.24986034677431643
0.24985994959508348
0.24985916393532842
0.24985830064683728
0.24985788281749932
0.2498575464371992
0.24985706588107123
0.24985671726351993
0.24985597572515994
0.24985551925867305
0.24985505519993803
0.24985487490555647
0.249854989148793
0.24985421540169928
0.24985415388229193
0.24985376425890257
0.24985357719619664
0.24985306106985225
0.24985330764755262
0.249852798848847
0.2498530335553304
0.24985253434954985
0.2498522484859942
0.24985217960700823
0.24985209947245204
0.24985206305585458
0.2498518165165471
0.24985205443330857
0.24985185533877627
0.24985176678939605
0.24985201849861693
0.24985188346782092
0.2498518243340292
0.24985208541174084
0.24985207772417925
0.24985245794896133
0.249852344653773
0.24985227216275682
0.24985312272856045
0.24985272795086277
0.24985289216830706
0.24985317589164302
0.2498531384439872
0.24985353059958856
0.2498539442594328
0.24985419631888375
0.24985390643529248
0.249854358047764
0.24985526873473343
0.24985527508834554
0.2498551828451158
0.24985570022810308
0.24985614791902924
0.24985628045004943
0.24985669276789982
0.24985675147263603
0.24985774039671838
0.24985790708229116
0.2498581074848623
0.2498586527031672
0.2498589305565493
0.24985988739792675
0.2498597627598556
0.2498603629238464
0.24986092246240107
0.24986143650359788
0.2498619861552607
0.2498619309326345
0.24986237795288424
0.24986327462878571
0.24986378542871118
0.24986408802738974
0.24986485272696402
0.24986555548180697
0.24986555064860042
0.24986625761378395
0.2498666930690913
0.24986733631230396
0.24986816951081756
0.24986820917516192
0.24986908264649454
0.24987012705376316
0.24986981701928138
0.24987071424844712
0.24987106102909376
0.24987206695235684
0.2498722003276266
0.24987349269983503
0.24987381710208786
0.24987468633526788
0.24987510847900954
0.24987552879136177
0.24987604029352053
0.2498767084723926
0.24987747454706483
0.24987837476567906
0.24987894600816782
0.24987925509461562
0.24988028361136425
0.24988116222917722
0.24988139021962977
0.24988260315159755
0.24988248616280603
0.24988329838270704
0.24988430177540571
0.2498851572058617
0.24988537062678495
0.24988604412620757
0.24988677089435055
0.24988760026096568
0.24988826750505058
0.2498891949402437
0.24988997596771073
0.24989040728795553
0.2498910134474519
0.24989168603146616
0.2498924577301497
0.24989334091660903
0.24989358263706013
0.2498947340223352
0.24989518537143218
0.2498958413249909
0.24989684120796526
0.2498975233187196
0.2498980459458512
0.24989900058108602
0.24989943367216005
0.24990033700588757
0.24990110361788326
0.24990160442866707
0.24990275313443644
0.24990280469729423
0.2499036808435205
0.24990448239085405
0.2499054704696377
0.2499059501018389
0.2499067948708942
0.2499076911711575
0.24990831783284875
0.24990889263763713
0.24990966226224037
0.24991005417917306
0.24991125878655637
0.2499112215693403
0.24991205122580773
0.24991295590917526
0.2499133218282653
0.24991465571239554
0.249914822992218
0.249915619118353
0.2499166077271383
0.24991721378269874
0.24991802644621225
0.24991854647577086
0.24991926896964334
0.2499196377036904
0.24992044462251925
0.24992119209390923
0.24992212707915173
0.24992240896151932
0.2499233058010446
0.2499239800125416
0.24992506749184848
0.24992586652073145
0.24992647688987013
0.24992722356509017
0.24992797283406792
0.24992798061749266
0.24992877122165602
0.24992957814177982
0.24993057534808025
0.24993083469762775
0.24993142433713228
0.24993218344020884
0.24993344838702303
0.24993369364109222
0.24993439985085347
0.24993543265744128
0.24993513019998717
0.24993651884701557
0.24993705874209823
0.24993775295334902
0.2499381272174083
0.24993894218324703
0.24993950377715587
0.2499400486039678
0.24994083124353034
0.24994157323866215
0.24994219296566372
0.24994244031914614
0.24994339426968928
0.24994331798814198
0.24994425823612204
0.2499450379667845
0.24994574748448073
0.2499469546894761
0.24994681619476627
0.2499475369262743
0.24994809131034804
0.24994879549879345
0.24994923254303678
0.2499494996465723
0.2499503533122558
0.24995113068691802
0.2499515213323614
0.24995253838087733
0.24995284341210142
0.24995360104151784
0.24995388431102727
0.2499547607326918
0.24995516182209507
0.2499556278079752
0.24995611542875598
0.24995713507395095
0.24995754051419095
0.24995801351975067
0.24995864488768404
0.24995884097344478
0.24995940523609889
0.24996045795649893
0.2499601022802501
0.24996133931608688
0.24996149988021535
0.24996211572046895
0.24996289109844558
0.24996373537201091
0.24996392306176812
0.2499641532138321
0.24996471265692569
0.24996537106878267
0.24996598407311052
0.24996630208726264
0.24996741506555115
0.24996769748217823
0.2499679192242824
0.2499680612836022
0.2499686333853798
0.2499694191392463
0.24996974181755321
0.24997021736891306
0.24997044811063965
0.24997191939861244
0.2499720396964484
0.2499725538316436
0.24997233136059507
0.24997349690853793
0.249973869680713
0.24997433640863118
0.2499745995421347
0.24997523465833935
0.24997554430627114
0.24997612721335924
0.24997619582360156
0.2499770466382842
0.2499771209224486
0.24997779916345267
0.24997811304108225
0.249978553490396
0.24997890046741714
0.24997926085488648
0.24997958024712286
0.2499805449075563
0.24998086276105944
0.24998108679219705
0.24998143887911356
0.24998161617589276
0.24998238603017106
0.24998311992989317
0.24998348062559475
0.24998386240660517
0.24998388880057704
0.2499842155983949
0.24998462049548148
0.24998504517451067
0.24998564572881324
0.24998576086452792
0.24998629145993434
0.24998659076875657
0.24998697384046714
0.24998700273906224
0.24998714461504046
0.2499882183158939
0.24998800471257815
0.2499886946368104
0.24998896100063456
0.2499897757491185
0.24998980309665372
0.24998985678516852
0.2499901960468403
0.24999080844611943
0.2499913767830628
0.2499911021750379
0.2499917844286759
0.2499921668537857
0.24999245675678947
0.24999276240767165
0.24999297970695084
0.2499931339665975
0.24999388207342224
0.2499937553921058
0.24999460217461442
0.24999450318256963
0.2499953344139326
0.24999509209930446
0.2499951549665897
0.24999549669605395
0.2499964468680763
0.24999600407693512
0.24999650846762714
0.24999640885339536
0.24999724890682662
0.24999735037079748
0.24999793216585908
0.24999789677941553
0.2499981041799435
0.2499986027476388
0.24999901385708187
0.24999954829687712
0.24999954496837115
0.24999984321065988
0.2499999431913591
0.25000077117690156
0.25000046332034115
0.2500005321658192
0.25000130990993064
0.2500008713563212
0.25000156689922354
0.25000154413149667
0.2500020900155917
0.2500018888252605
0.2500027293288902
0.25000226206227344
0.25000345473999747
0.250003320091497
0.25000347954976343
0.25000325044307803
0.25000367413898417
0.2500035794988223
0.2500040886005312
0.25000459250578944
0.25000458052201535
0.25000526702366865
0.2500049629166294
0.250005212706887
0.250005015040861
0.2500055336319611
0.2500058002109314
0.2500063790120764
0.2500064882491708
0.25000622322675287
0.25000656897175866
0.25000660354853843
0.25000671521304774
0.25000714268266194
0.25000778285801806
0.2500077986552748
0.25000767762742127
0.25000794582907687
0.2500080503880252
0.25000856083878603
0.25000835380388287
0.2500086065142007
0.25000889539600935
0.25000893744801295
0.2500095461740345
0.2500090715763491
0.25000958157242964
0.25000949709819387
0.25000946190153955
0.2500102239348415
0.2500101633352977
0.2500100755937351
0.250010282552818
0.25001056821078865
0.2500106927439573
0.2500106631601408
0.2500108139841983
0.25001106890622427
0.2500109668427617
0.25001120809843486
0.2500114263675949
0.2500110922837436
0.2500117782306323
0.2500119683718465
0.25001208337260084
0.2500125049248429
0.25001245450507287
0.250012261031973
0.25001235544613226
0.25001261735900965
0.25001281235624273
0.2500130401541885
0.250012845562709
0.2500130402759606
0.2500128282823827
0.2500132648269491
0.2500133881150159
0.2500135894455726
0.2500137933436991
0.25001357279738284
0.2500136702876338
0.25001367980369066
0.2500140430644922
0.25001414570590985
0.2500141464309064
0.2500142409629508
0.2500141947366649
0.25001451141879577
0.25001473152447545
0.25001445619707496
0.25001458840890295
0.25001491081645494
0.25001448029270995
0.250014930213983
0.2500148333041421
0.2500151097449315
0.2500151729046023
0.25001535044102746
0.2500155194405684
0.25001559361355646
0.2500154166569498
0.25001578245527156
0.25001605813395944
0.2500162386600599
0.2500161246363074
0.2500162640068643
0.2500164208443506
0.2500162461835781
0.2500160158991381
0.25001601487730934
0.25001614606852046
0.25001705095451426
0.25001680648494506
0.2500168347247752
0.2500166065973058
0.2500167651467667
0.2500168707170254
0.2500170704648812
0.25001640848968015
0.2500167829645821
0.25001716006411256
0.2500172222657445
0.2500172390357923
0.2500171331513995
0.25001741337279737
0.25001722043004226
0.25001720139471995
0.25001747515012485
0.2500172925366277
0.25001766655983404
0.2500175422147071
0.25001758945966296
0.2500173807405095
0.25001794915459696
0.25001788103638956
0.25001778598323415
0.2500178295323077
0.2500180401805956
0.250018056902566
0.25001767011514725
0.2500182755598078
0.2500181013201554
0.25001779017184117
0.25001796452095304
0.2500176707120224
0.25001854992592754
0.25001780573970867
0.25001794068444577
0.2500179103134852
0.2500180610483722
0.25001831783940054
0.2500182007580197
0.25001843307582194
0.25001823668394313
0.25001843094826154
0.25001874813401537
0.25001845217769564
0.25001831684504755
0.250018268586112
0.2500182943846217
0.2500183438607086
0.2500182920592152
0.2500179151863718
0.25001851815637977
0.2500186399985819
0.2500186880447091
0.25001851182464163
0.2500183993915146
0.2500188008724537
0.25001849104248614
0.2500185950839306
0.250018629362421
0.25001844870073103
0.2500184668099376
0.2500187020966313
0.2500184804212018
0.2500185416416468
0.2500189362583059
0.25001869789273606
0.25001890952238287
0.2500187711151581
0.2500184797643781
0.2500186579166048
0.2500182249810664
0.2500188658712071
0.25001891289158223
0.2500188742042369
0.25001911452087605
0.2500189012070369
0.2500183555360293
0.2500187032321542
0.2500189828341295
0.2500186514622067
0.25001869834373724
0.2500185245748904
0.25001856351922824
0.25001844587466115
0.25001841766990385
0.25001870025709055
0.25001828995959996
0.25001866470878625
0.25001822608345287
0.25001883339215475
0.2500180367223058
0.2500185720176497
0.2500182946748088
0.25001832818985437
0.2500184369888452
0.25001841255579743
0.25001849136364807
0.2500185578044997
0.25001852983891126
0.25001868686008466
0.2500185437789382
0.2500184061643861
0.2500182600801889
0.2500186584982266
0.2500185758617409
0.25001819391869773
0.2500181109438265
0.2500183253181889
0.25001867958874313
0.25001839139872534
0.2500181970382615
0.25001824567539893
0.2500184357439238
0.250018410816861
0.2500180913179776
0.2500184772852218
0.25001778501951233
0.250018072640008
0.25001758963752796
0.2500179876071462
0.2500180866268681
0.2500179165593988
0.2500183492097961
0.25001813132514467
0.25001815471844957
0.2500177487065567
0.25001799072124675
0.2500183388619219
0.25001791837536785
0.2500177265956309
0.2500179474293969
0.25001775254359604
0.2500181894120212
0.25001824650496884
0.2500175468572228
0.25001769073794683
0.25001771426218333
0.2500175585593796
0.2500174335145627
0.2500177086579554
0.2500174976925449
0.25001731992766657
0.25001772328396404
0.2500174438518985
0.2500175707949112
0.25001672512239614
0.2500173130811331
0.25001730652061144
0.2500172379817904
0.2500175947549056
0.2500171806886525
0.25001727286378567
0.2500170676371449
0.25001746010454345
0.25001736509745426
0.2500170086943176
0.2500166695113276
0.25001694294551075
0.2500174137056319
0.2500166939159743
0.25001680987457764
0.2500167656599979
0.2500166014151937
0.2500169497303957
0.25001691626048783
0.25001709189697674
0.2500167958149034
0.2500166239521849
0.25001680846893426
0.2500167711268271
0.2500160416980215
0.2500165732687152
0.2500163094152042
0.25001653778483257
0.25001628422332184
0.2500162515737918
0.2500160666257041
0.25001671841519024
0.25001626188379733
0.25001643854407984
0.2500161903461729
0.25001589766845356
0.2500162910434936
0.2500161152309459
0.250016344215805
0.2500159474252027
0.25001588444277817
0.25001605947671557
0.2500157725680162
0.25001576824369925
0.250015789039078
0.25001583894238905
0.2500161613416371
0.25001566292114163
0.2500156586994584
0.2500160272858102
0.25001532775602575
0.2500154180691282
0.2500156789104992
0.25001562803669086
0.2500155619700589
0.2500156148745481
0.2500156668942829
0.2500152689575039
0.2500152706832752
0.2500158248716058
0.2500154365377707
0.2500151439378152
0.250015367027119
0.25001491210048193
0.25001481599113246
0.2500150954017586
0.2500154261444702
0.25001515002411323
0.25001505323242657
0.25001484059042806
0.2500151181144114
0.25001491288887223
0.25001467230747015
0.2500150530842549
0.2500145745313292
0.2500149524272665
0.2500149764987306
0.25001477311251763
0.25001417866699077
0.25001487661047306
0.25001490775696306
0.2500144869754419
0.25001493608171776
0.25001439329528913
0.2500140319884223
0.2500138321260236
0.25001379569311655
0.25001451398439045
0.2500139884538795
0.25001447076766903
0.2500139789046893
0.2500141229773092
0.25001394674398963
0.25001367404285524
0.25001380866506495
0.2500137561394668
0.25001437540865173
0.2500139437646209
0.25001423321433003
0.2500139988045386
0.25001369024998393
0.25001359540136053
0.2500136897574822
0.25001331554168993
0.25001343008190297
0.25001311383053537
0.2500133766756323
0.25001341603413835
0.25001330568730035
0.2500136017158887
0.25001329113703535
0.2500127293456167
0.25001268751748096
0.2500128793768984
0.25001281599729125
0.2500132407543436
0.25001308135146877
0.2500129122241863
0.2500127885213456
0.25001287922661314
0.25001295832976567
0.25001302280071974
0.25001258181066804
0.25001298821163814
0.2500128040192378
0.25001277929451465
0.25001262977893257
0.25001304027159366
0.2500123245676841
0.25001257367492685
0.25001244827591
0.25001203109710607
0.25001218666301733
0.2500122465891009
0.25001216946809024
0.25001244330302624
0.2500121107669023
0.2500122634409212
0.25001232082864266
0.25001184209578464
0.25001191477450935
0.25001204456164977
0.2500118378940422
0.25001171496870644
0.2500120301589609
0.25001228634178513
0.250011609794391
0.2500113224920218
0.2500117726214692
0.2500117049152052
0.2500114121847607
0.2500114733854813
0.25001117676477785
0.2500114059631289
0.25001196594544284
0.2500119162779873
0.2500117035974471
0.2500109591614772
0.250011396644941
0.2500110629334869
0.25001145813122316
0.25001114043715567
0.25001127178946947
0.2500117548996342
0.25001084757050834
0.2500108242158195
0.250011008651481
0.25001109160500223
0.2500111899440549
0.25001045668244476
0.2500106555986106
0.25001126678956115
0.2500110614145062
0.2500105193987018
0.25001109630031904
0.25001070121924673
0.2500104894890907
0.25001081650174983
0.25001063797763934
0.25001000480452923
0.25001043687522945
0.25001061596843815
0.2500104834121667
0.25001032912960025
0.25001035682098577
0.25001053984138394
0.2500101212501978
0.25001031583297006
0.2500103048777259
0.25000968730875506
0.2500099239440543
0.2500098769700093
0.25000950778919184
0.2500100124240942
0.2500100720355234
0.25001014170372277
0.25001010053210865
0.2500095892743473
0.2500101224437992
0.2500096472778025
0.2500099458042403
0.2500098089832378
0.25000995850064944
0.2500097476736202
0.2500091261518214
0.2500095930298565
0.25000960715294923
0.25000914288972476
0.25000940421858586
0.2500092685338013
0.2500096799350798
0.250009486945212
0.2500092763283416
0.2500094815830638
0.2500091333071809
0.2500089319433713
0.25000936828201326
0.25000909641657654
0.2500088455980375
0.25000899687618594
0.2500085884450244
0.2500087304444466
0.2500088928631564
0.2500086288398377
0.2500086675866742
0.25000840762769067
0.25000848262715425
0.25000839033768185
0.2500085693118882
0.2500086702219679
0.2500083319712277
0.2500082923166239
0.25000861418535586
0.25000894972461946
0.25000868411976224
0.25000836462693515
0.2500081173847583
0.25000859376971035
0.25000823421043045
0.25000859674393267
0.25000856908858465
0.25000802152752916
0.2500082074654889
0.2500080554013365
0.2500082795780003
0.2500074348925247
0.25000788366184734
0.2500078251726218
0.2500078624373782
0.25000788569407706
0.2500083887400399
0.25000778227053516
0.25000766972196653
0.2500078120625078
0.25000774763738726
0.2500077097115279
0.25000761696330037
0.25000757639970356
0.2500074588935821
0.2500072063709532
0.2500078000180459
0.2500073274627954
0.2500074498038995
0.2500071488779408
0.2500073741163698
0.25000782758302253
0.250006939162034
0.25000731715820224
0.2500068939864688
0.25000705667184353
0.25000723496723454
0.25000685601820594
0.2500070376458735
0.2500071132727416
0.25000762871242005
0.2500073890474206
0.2500068933678424
0.2500068873834809
0.2500069169996481
0.2500067256382169
0.25000723313558454
0.2500065165028047
0.2500068958094853
0.2500073312387412
0.2500068423053438
0.2500062913362251
0.2500070088611613
0.2500065646529577
0.25000697642803793
0.25000609657407535
0.2500065502179627
0.2500062296313344
0.2500065394959243
0.2500061000554986
0.25000690131242415
0.250006291645182
0.2500060378888584
0.2500063123909223
0.25000633456503685
0.25000649915168527
0.2500067249153273
0.25000626607429516
0.2500065220145129
0.2500062746525069
0.25000587015903114
0.25000573315142277
0.2500060546286614
0.25000627360969585
0.2500061057350062
0.25000583143788363
0.25000599450591054
0.25000606894556654
0.2500054913022337
0.250005656280585
0.2500054627164363
0.25000538097401
0.25000585816855614
0.25000585100587713
0.2500056591494566
0.25000609459250855
0.25000597541367214
0.2500052261515042
0.25000570559258867
0.25000568858596195
0.2500058834889656
0.25000554710300044
0.2500056794895731
0.25000562541839016
0.2500049705102898
0.2500055850177842
0.25000594664097114
0.25000555067187114
0.25000563496854433
0.25000571321379716
0.2500052547947514
0.25000504891280445
0.2500048854784837
0.2500048500439125
0.25000509969760565
0.250004799704433
0.25000498792855386
0.25000477905992696
0.2500047562815016
0.25000534314830414
0.2500054741513825
0.2500049515801057
0.2500049988306345
0.25000519263904103
0.25000523182750684
0.25000519317427544
0.2500056922371358
0.25000463026528286
0.250005008345119
0.2500046817181815
0.2500041919385231
0.25000432666631434
0.2500049526021922
0.25000455723796466
0.2500043892257095
0.2500045332345375
0.25000465498969454
0.2500044736081049
0.25000492462501206
0.25000444652997544
0.25000438930558566
0.2500043133852215
0.2500043061161023
0.2500039323747485
0.2500041165534127
0.2500043463354504
0.2500042313254641
0.2500040365115867
0.2500041054739854
0.2500043488564511
0.2500046434182427
0.25000443211155604
0.25000395947606413
0.250004090578135
0.25000444298404206
0.2500045742644717
0.250004248893226
0.2500043128536819
0.25000376969170834
0.2500037865139464
0.25000381866450055
0.2500041556508141
0.2500034638218342
0.2500036205928141
0.25000388179684097
0.25000398902307364
0.2500035698058168
0.2500033415050217
0.25000363596620834
0.25000378696395636
0.2500041659606324
0.2500031292181457
0.2500036986024607
0.2500041004293293
0.2500038087446383
0.2500035104475556
0.2500040370389197
0.250003751625229
0.25000373537288956
0.25000356490529735
0.2500037692589397
0.2500034790247152
0.250003665514472
0.25000360333287625
0.25000356013264524
0.2500037940965037
0.2500034153545544
0.2500034226702563
0.2500036015981436
0.25000349256239446
0.25000311115739554
0.2500037881857323
0.25000370996427546
0.25000338239467995
0.25000341287468275
0.2500031622519618
0.25000371145288275
0.25000370791625925
0.25000304079788105
0.2500029583635945
0.2500029584088731
0.25000308881024774
0.2500032982180557
0.2500034544215528
0.25000322443356415
0.25000274023848706
0.25000312968433164
0.2500030556723645
0.25000307304938285
0.25000302833401367
0.25000271258280904
0.2500034164411073
0.2500027352731186
0.25000286796626076
0.2500029571805104
0.2500029102212383
0.25000304813448837
0.250002837474541
0.2500030709596603
0.2500028401765299
0.2500024949741673
0.25000268017659066
0.2500031059763199
0.25000286895156154
0.25000260883269815
0.25000246829536826
0.25000221794089555
0.2500022411463301
0.2500025374240429
0.25000298055222686
0.25000256130582527
0.25000234900818463
0.2500025508448482
0.2500021919514181
0.25000284922998495
0.2500023927982329
0.25000254038079944
0.2500024668085032
0.2500028734581011
0.2500026077134816
0.2500021917698367
0.2500021947020354
0.2500023765722736
0.2500028538553362
0.25000267583803004
0.2500025830900208
0.2500026835448853
0.2500028111902497
0.2500020792749688
0.2500020052791009
0.25000210462560873
0.2500020179875225
0.2500020246331054
0.2500023596364185
0.25000171516690456
0.25000184398943537
0.25000167143284946
0.2500021826301079
0.2500017447750785
0.2500019142570301
0.2500025683577656
0.25000213405296134
0.250002355347346
0.2500020034359708
0.25000244205838984
0.250001949987469
0.2500022705004897
0.2500020754059768
0.25000193808609444
0.2500018758145666
0.2500020255780809
0.25000209797211104
0.25000180964508184
0.25000162565601386
0.25000184152690286
0.25000171146522043
0.25000144968539856
0.25000176845168653
0.25000137164885916
0.250001727618896
0.25000243203259565
0.2500015970395578
0.2500017929045839
0.2500015267836753
0.2500014207399458
0.2500011664172742
0.2500018651661265
0.2500018462702773
0.2500015275498036
0.2500016427158694
0.25000210342097445
0.25000168985913473
0.25000193539521515
0.25000131736503073
0.25000107208729117
0.25000089732501457
0.2500016547636448
0.2500012446428084
0.25000131695649985
0.25000146338476703
0.2500016014067472
0.25000122401302294
0.25000152779061363
0.25000112971719146
0.25000178669225376
0.25000155559170917
0.25000129366782703
0.2500015502347163
0.2500012657624979
0.2500008393297274
0.2500013052178751
0.25000132140286735
0.25000118968269486
0.2500017024867392
0.25000119351867195
0.25000153651385626
0.2500015396918715
0.2500014740860319
0.2500016002147504
0.2500009838625017
0.25000126898356834
0.2500009373184771
0.2500008228305164
0.25000106747782225
0.2500012201168534
0.25000054512802256
0.25000103541291985
0.2500010492855473
0.25000170151754647
0.25000102256163415
0.25000069386413254
0.2500013764285472
0.25000082306242827
0.2500014400923109
0.2500009537038857
0.2500009842938047
0.25000099178156215
0.25000065401040333
0.2500009583432518
0.25000144714797085
0.25000075925995796
0.25000100839187217
0.25000091065748403
0.25000094687978613
0.2500010622925196
0.2500009583790953
0.2500009446202426
0.25000087241233293
0.2500012688854556
0.25000093320750644
0.25000067744105653
0.25000084688711194
0.2500004616997498
0.25000102468791374
0.2500008522258887
0.2500008454418538
0.2500007588189442
0.25000058963926125
0.25000062232072773
0.2500010313316133
0.25000096186941745
0.2500006126533611
0.250000994845658
0.2500009402896707
0.25000087103027346
0.2500006951549416
0.25000065219739154
0.250000566770402
0.250000907503003
0.250000575137593
0.2500003857573432
0.2500008414210788
0.2500006566250847
0.25000037936680775
0.2500005197385412
0.2500008874139799
0.25000016033096023
0.25000049566495725
0.25000062834160486
0.25000063922696175
0.2500007176450727
0.25000070484219145
0.25000090571166983
0.2500006579240053
0.2500002284320255
0.2500008070162693
0.2499999784512876
0.25000052794565797
0.25000049343762093
0.25000085721561127
0.25000018325090734
0.2500004824582613
0.25000051906986825
0.2500000313821877
0.2500004044813363
0.25000053040500164
0.24999993022632228
0.2500003211799857
0.2500002429348374
0.2500004254985082
0.2500001657636679
0.2500005479568092
0.25000057599293884
0.25000031214924584
0.25000063086350016
0.2500008609413434
0.2500003997870317
0.25000056040311197
0.250000434770109
0.2500002411157982
0.24999994742817752
0.2500005812026514
0.25000013551079775
0.24999995404285855
0.2499998208481174
0.2500005555169189
0.2500004171747098
0.2500004091925189
0.24999985086965373
0.25000035136569815
0.25000055055619813
0.25000029586445643
0.2500001559016968
0.2500002305817179
0.25000024361683426
0.24999957867993602
0.2500003893507579
0.24999996761927185
0.2500002616103907
0.25000013205402677
0.25000057139843285
0.2500000321722513
0.2500000277417054
0.2500003001337089
0.24999979034012246
0.2500002243311071
0.2500003257716886
0.2500003725136127
0.2500000580018217
0.24999955622594233
0.25000037945118914
0.2500003356356069
0.249999927067718
0.25000014148200606
0.2500004513972176
0.2500001804046594
0.2499995999992692
0.2499998108763294
0.24999975775104033
0.24999981209133343
0.24999983059011127
0.24999923563369691
0.24999992710768995
0.25000028114564765
0.2500001976420319
0.2500000158058015
0.24999986658906861
0.24999974777983647
0.24999994008958804
0.24999972315173352
0.24999970816018494
0.24999996380048206
0.24999995300939917
0.249999652509055
0.2499997796791702
0.24999999278929877
0.2500000723346551
0.24999937042748244
0.24999963390665994
0.24999967808343032
0.24999999371150394
0.2500002596743248
0.2499995970110968
0.249999633615259
0.2499996476928586
0.24999929891353034
0.24999952175641393
0.24999939045567188
0.2500000330080353
0.24999975417848702
0.2499997201096733
0.24999992188620235
0.24999983764220535
0.2500000018428981
0.24999997304345453
0.25000004543105137
0.24999939510770253
0.25000021763925406
0.24999975607779043
0.25000000694875335
0.24999980617906814
0.25000023934980675
0.2499996567120639
0.24999945855224767
0.2499996262602983
0.2500000289728461
0.24999977586877603
0.2500000489833415
0.2500000372898298
0.24999936381045013
0.249999426444473
0.24999996003687108
0.24999933935203925
0.24999973212551208
0.24999971008469218
0.24999943511865996
0.24999934688686373
0.24999920188979052
0.2499998473463159
0.24999945506855772
0.2499991599066247
0.24999936834569866
0.2499993822861964
0.24999988745547447
0.2499999294447166
0.2499995446116314
0.2499998120665629
0.24999990640692066
0.2499998394129778
0.24999944912646124
0.2499996752962394
0.24999917467383978
0.2499994415041928
0.2499992203496915
0.24999947644900242
0.2499993149685011
0.24999977931672537
0.24999931767835123
0.24999936070020423
0.24999940055509032
0.24999942684104728
0.24999958832014263
0.2499991778416517
0.249999602176961
0.2499991214806768
0.2499993056259603
0.24999954768843402
0.24999873071263973
0.24999965587253814
0.24999903131780138
0.24999931237985504
0.24999969768918967
0.24999974952893925
0.2499994425522165
0.24999955750430797
0.2499994957207138
0.24999940612532487
0.24999978713754653
0.24999991303259436
0.2499992966201157
0.24999933711982325
0.2499990717343599
0.24999917097399868
0.2499991178590876
0.2499994956307426
0.24999939821472275
0.24999943135253577
0.24999960203648558
0.24999909936398823
0.2499994515904034
0.24999927857457807
0.2499991733587744
0.24999946357475403
0.24999966444495825
0.24999916425852628
0.24999961460300363
0.24999910062629993
0.2499993319275896
0.24999944965512977
0.24999935701814063
0.24999936036376585
0.24999926786229762
0.24999926003837628
0.24999959345627204
0.24999912834944552
0.24999966502486237
0.24999903353564043
0.24999948636795588
0.2499992000471308
0.24999947360592562
0.24999937942769668
0.24999920924646596
0.25000000466387867
0.24999909643393187
0.2499994402907107
0.24999892106031768
0.2499992130478862
0.24999923970355287
0.24999907522946394
0.2499995263935103
0.2499992538549343
0.24999923803333224
0.2499991707603013
0.2499990682498001
0.2499994971447534
0.24999915777075796
0.2499990715315167
0.2499992642310379
0.24999881981485075
0.2499990808379399
0.24999877365426246
0.2499991489859245
0.24999973082788735
0.24999955326129739
0.24999905481975346
0.2499990923499645
0.24999950370152477
0.24999901202007865
0.24999889330929878
0.24999884477254583
0.2499993434787083
0.2499988808232335
0.24999923311844252
0.2499995900674753
0.2499992517682522
0.24999930199525747
0.2499993441940779
0.24999878018920224
0.24999946035750437
0.24999916178106307
0.2499990367158694
0.24999948193916605
0.24999897193837162
0.2499991205225624
0.2499990533479
0.2499995215424585
0.24999927158896273
0.24999958246292428
0.24999927420906926
0.24999881459166007
0.24999938283572454
0.24999871267568777
0.24999880234438746
0.24999894436215808
0.24999916733091454
0.24999878519031377
0.24999919869038165
0.24999894625571104
0.24999949943420885
0.24999916324417137
0.2499993726514439
0.24999877862523967
0.24999927664839175
0.24999906428342225
0.24999888951865942
0.24999928742530683
0.24999884823524285
0.24999913669773105
0.24999964000569797
0.2499989096751095
0.24999900633425126
0.2499988684705648
0.24999964840847694
0.2499987244492093
0.24999937834135574
0.24999881566651885
0.24999871834063844
0.24999875119374246
0.24999935202081056
0.249999073802689
0.24999904002491244
0.24999909316508373
0.2499991667465638
0.2499990188596557
0.24999881749473782
0.24999879755920226
0.2499994184989663
0.24999851729319164
0.24999856369317144
0.24999888139660753
0.2499996080604924
0.24999853064818883
0.2499995413549114
0.24999931826902488
0.24999868787245297
0.24999895322161803
0.24999868419574625
0.2499991866833606
0.24999866890433345
0.24999871402607968
0.24999942091626848
0.24999896081408543
0.24999925899923517
0.2499984631649426
0.249998414599635
0.24999888637580447
0.2499989910690266
0.2499985054531892
0.24999906906548422
0.249999101264659
0.24999904001808237
0.24999917904938282
0.24999907837541252
0.2499990951230325
0.24999880617559447
0.24999893833133233
0.24999908861107778
0.24999900261178307
0.24999911338378936
0.24999883564787023
0.24999874509278114
0.2499987667235178
0.24999893198785414
0.249998802266872
0.24999942280029822
0.24999904623108435
0.2499992387818079
0.2499988244270131
0.24999943138720387
0.24999889132006173
0.24999902633745213
0.24999926232361447
0.2499990300356176
0.2499993477459187
0.249998810867092
0.24999889420495663
0.24999900030241315
0.24999896554275555
0.24999927969977667
0.2499992277399395
0.24999869809592498
0.24999858664340877
0.2499987618589019
0.2499993665645676
0.24999853730619165
0.2499987814770424
0.24999859162814694
0.24999865946067304
0.24999892121942338
0.24999882709832158
0.24999903465189535
0.2499990076590275
0.24999932167483443
0.24999896130029076
0.24999913349672406
0.2499984971620123
0.24999874201097533
0.24999877648146074
0.24999888156823763
0.24999900915618864
0.2499984336176534
0.24999927339031847
0.24999885151696
0.24999895069158626
0.24999918223134707
0.24999886989552025
0.24999941849011625
0.24999911008315923
0.2499990119996149
0.24999923829994528
0.24999898660490902
0.24999889526565575
0.24999912131126606
0.24999914506890572
0.24999946992234784
0.2499989924887939
0.24999859957420373
0.24999883084580896
0.24999883881226231
0.249998769329611
0.24999906735953642
0.2499989316507607
0.2499990662784279
0.24999906294454774
0.2499987887122681
0.2499992842615615
0.2499987730025175
0.2499991268021241
0.24999831871146244
0.24999922319913515
0.24999904340498413
0.24999864383514095
0.24999866389413797
0.24999874883717987
0.24999856309119464
0.24999875823779089
0.24999924765372436
0.24999867692151986
0.24999905399889352
0.24999916627963653
0.24999919897283376
0.24999894339405723
0.24999906480808512
0.24999867014023205
0.24999907112081496
0.2499988086778645
0.2499990092095468
0.2499986677894304
0.24999906713501058
0.2499987453251641
0.24999888939854442
0.2499990177080246
0.24999859430394758
0.24999888160427383
0.2499987305175937
0.24999888713088275
0.24999850766903287
0.24999852940039682
0.2499988747725094
0.24999913460579123
0.24999920549804477
0.24999933950831524
0.24999892424443199
0.2499990847913192
0.24999912723218662
0.24999865045847008
0.24999897902314894
0.24999831095696826
0.2499987936499547
0.2499986600268642
0.24999881654612713
0.24999879607222336
0.249999454476542
0.2499988972664868
0.24999915082004578
0.24999880080865128
0.24999909875260648
0.2499991336707586
0.2499991985491261
0.24999873103824694
0.2499984773224542
0.2499986921607263
0.24999886235652338
0.24999909588040584
0.24999866207152222
0.24999899332922537
0.24999867405491222
0.24999883754910973
0.2499990705724175
0.24999884031870767
0.24999927383451834
0.24999943226202548
0.2499980803119977
0.2499988214662061
0.24999892483341254
0.24999895233648858
0.24999869668931052
0.24999916229123942
0.2499992842481699
0.2499988694027029
0.24999842881572973
0.24999865439968796
0.2499990533561189
0.24999892339489002
0.24999918620796135
0.24999902845940372
0.2499989184290966
0.249998730423428
0.24999886997787907
0.24999913045061734
0.24999892915466748
0.24999851483034535
0.24999920223481567
0.2499986503158982
0.24999866787043543
0.24999847078748053
0.24999892193271983
0.2499994254033676
0.24999913893855302
0.24999911964273674
0.24999958311309803
0.24999918278257502
0.249998520679599
0.2499990310407064
0.2499989539317399
0.24999907099753424
0.24999879635305536
0.24999911978191092
0.24999890315446902
0.24999821383331008
0.24999852909897297
0.249999063456271
0.24999895197713384
0.2499988326076625
0.2499984853909042
0.24999887965599868
0.24999933738944116
0.24999886018689857
0.2499990589867991
0.24999880092328072
0.24999860943217989
0.24999891420087492
0.24999856018244118
0.2499993974920581
0.24999873180995452
0.24999908455908712
0.2499992781716877
0.24999913644344143
0.24999834328622023
0.24999900052486634
0.24999926695877545
0.24999895465280053
0.2499991531067595
0.24999871530576967
0.24999870087486792
0.24999849570497656
0.24999867907920742
0.2499988526363108
0.24999868892562394
0.24999890269813083
0.24999941803618683
0.24999952697861527
0.24999895396802155
0.24999866791368805
0.24999886110126032
0.2499987127528966
0.24999823292693787
0.24999925164947268
0.2499988970124748
0.24999902240944474
0.24999844630972476
0.24999855258312675
0.24999850865806927
0.2499990431422971
0.24999924669184065
0.24999847646999063
0.24999926295472946
0.24999874854480014
0.24999921128978927
0.24999923247814237
0.24999886224536505
0.24999898267655452
0.24999911430410585
0.24999910769959352
0.24999873206350917
0.24999885755473839
0.24999897252943784
0.24999896512830633
0.24999887711493052
0.24999849976389082
0.24999862855398866
0.24999920830499928
0.24999842194936991
0.2499987495717736
0.24999911150742046
0.24999857424096358
0.2499988702858752
0.2499989415463474
0.24999873391989808
0.2499986610765007
0.24999934472550125
0.24999883974493972
0.2499989341381642
0.24999834446716512
0.2499988006432625
0.2499988028372318
0.24999891601663093
0.2499981570535294
0.24999864693428442
0.24999871965054077
0.2499992922067137
0.24999903232449958
0.24999912195444624
0.24999920893635355
0.24999929927608341
0.24999867381779525
0.2499988756882525
0.2499982903205633
0.249998908241244
0.2499992869004572
0.2499990904315909
0.2499989035306357
0.24999907403677343
0.2499990214250282
0.24999883990817665
0.2499990870542589
0.24999902511648409
0.24999932400931016
0.24999909662929154
0.24999879359083146
0.2499983970986493
0.24999896142560293
0.2499985005036482
0.24999862275856818
0.24999911315705575
0.24999889842019202
0.2499992846324654
0.24999845333765258
0.2499987621517989
0.24999927524926857
0.24999908973077759
0.24999894591683344
0.2499988259553045
0.24999846715102061
0.2499985109477642
0.24999885779662823
0.24999912735094132
0.24999920212261284
0.24999886165577684
0.249999151163129
0.24999894110765802
0.2499989558710086
0.2499990077667721
0.24999898282998143
0.24999830082448743
0.24999883183838856
0.24999877666255835
0.24999838959804932
0.24999901761316337
0.24999884542101367
0.24999921357476643
0.24999902714436342
0.2499993310269569
0.24999885139569847
0.24999923070917648
0.24999850630703382
0.2499991465028642
0.24999881455945083
0.24999847617591173
0.24999883307438303
0.24999896676777375
0.2499983288417265
0.24999838308298364
0.2499989671073314
0.24999955484194614
0.24999866513868382
0.24999850848571406
0.24999886421610384
0.24999916870444963
0.2499988609065851
0.24999935544865035
0.24999867655819344
0.2499994576604838
0.24999888514795057
0.24999910972781658
0.24999911922301732
0.24999893304397772
0.2499988418958284
0.24999911105679368
0.24999885940805888
0.24999899118356592
0.24999908296749992
0.24999860902878912
0.24999820770552061
0.24999901759827642
0.24999892753862926
0.24999901916388212
0.2499987020440064
0.24999925108221105
0.24999901943687322
0.24999909349141258
0.2499987834709233
0.2499989940632626
0.2499987141012576
0.24999964123797278
0.24999893735130707
0.24999870069800093
0.24999904465549694
0.24999910195716113
0.24999921118653692
0.2499991504515171
0.24999909718382618
0.24999895661583235
0.24999926176005752
0.24999894833883504
0.24999873475081205
0.24999944108474034
0.24999865922776224
0.24999879947893222
0.24999882129454093
0.24999899833128214
0.24999920724790015
0.24999939055634962
0.24999906097605792
0.24999895717486234
0.2499990969182128
0.24999931685315047
0.24999922945572892
0.2499991716030634
0.24999911870687283
0.2499993137413291
0.2499992256657452
0.24999912539786118
0.24999911182654777
0.24999886873934768
0.24999872464055178
0.24999921237527137
0.2499990984411382
0.24999888347114285
0.24999944638018987
0.24999855101155818
0.24999884887379134
0.24999913347328986
0.2499990760003613
0.24999878832288233
0.24999872615139426
0.24999945016428668
0.24999878967579442
0.24999905981757697
0.24999898302104132
0.24999906781026923
0.2499991143986572
0.2499992250232641
0.2499989083064249
0.2499989127611451
0.24999891397199564
0.24999878237856868
0.249998867823305
0.24999913202149068
0.24999898836488335
0.24999885209730505
0.24999891232708654
0.24999897089400586
0.24999930883104185
0.24999874884768714
0.2499992334686195
0.24999906999969654
0.2499992614302077
0.2499987055632371
0.24999875518852613
0.24999890222326462
0.24999890182058637
0.2499990792633507
0.2499991463629658
0.24999864169339597
0.24999900149051135
0.24999868126612781
0.24999871388004974
0.2499982470943437
0.24999925012321844
0.24999905063405858
0.24999930438318962
0.24999920442698495
0.24999897233458268
0.24999938761781454
0.2499990763675736
0.24999869892830354
0.2499988642180457
0.24999908536190737
0.24999892740250063
0.2499991012024137
0.2499985806963371
0.24999900442883344
0.24999912531636717
0.2499991719066604
0.24999875745809105
0.24999918206275548
0.2499988914600098
0.24999909899395487
0.24999934857459596
0.2499993917869477
0.24999899173914256
0.249998706541778
0.24999849471563573
0.249999000775791
0.2499991068055133
0.24999845031234044
0.24999865571018368
0.2499988823773979
0.24999885422290039
0.24999936215142038
0.2499991657850062
0.24999942756596694
0.24999932241403486
0.24999900118828147
0.24999895247473683
0.24999944733090276
0.24999919918585425
0.24999913780346536
0.24999869951403286
0.24999885244822562
0.24999941351754498
0.2499986038394289
0.2499987929313346
0.24999893849752036
0.24999913914410232
0.24999920880477713
0.24999904048197655
0.2499993715932344
0.24999878373333936
0.24999906275153605
0.24999905443044063
0.24999834783751454
0.24999917457995932
0.24999924165792595
0.2499986708976074
0.24999913226321838
0.24999857061158176
0.24999879943584866
0.24999904690859742
0.24999908879549654
0.24999916356452326
0.2499993455981626
0.2499985149838353
0.24999872060849415
0.24999876488709188
0.24999869884466083
0.24999882675964802
0.24999899912840964
0.24999866665129297
0.24999904513370994
0.24999945143534824
0.24999857053745492
0.2499987348763761
0.2499990924862435
0.24999899302493736
0.24999870194800974
0.24999864944516337
0.24999927284392104
0.24999937817048054
0.24999896601023414
0.2499998538029803
0.24999892864332454
0.24999914663170966
0.24999901563436883
0.2499990066607527
0.2499988664988462
0.24999883741172665
0.2499992000845241
0.2499996501083824
0.2499989533671836
0.24999881658752068
0.2499986024548776
0.24999872064252782
0.24999847574728726
0.24999943643708278
0.24999890220728416
0.24999870081299314
0.24999938444474043
0.24999910422289312
0.24999899719211438
0.24999917123131554
0.2499994037868145
0.24999887636524437
0.24999887136268673
0.24999913383088923
0.249999000060719
0.24999888333522105
0.24999916783363993
0.24999915811390905
0.24999912608989205
0.24999871954944752
0.24999882148199856
0.24999928760974785
0.2499991733858297
0.2499994171035804
0.2499992100310802
0.24999947350557242
0.24999876106187424
0.24999881900697316
0.249999137521855
0.24999925428357
0.24999897267001558
0.24999922645868097
0.24999896725990967
0.24999873197088812
0.2499987813637249
0.24999938499875463
0.249999116954027
0.24999913482745398
0.2499992198910235
0.24999889953040946
0.2499990311677817
0.2499989407248398
0.24999924077268698
0.24999910839454373
0.24999878561797298
0.24999951042158908
0.24999904458732805
0.24999926412421095
0.24999948654281928
0.24999897939990762
0.2499988824328944
0.2499990059435892
0.24999924940273238
0.24999951774514312
0.2499991276778165
0.24999980339979785
0.24999861619776248
0.24999928554460407
0.24999895678063008
0.24999906398796304
0.24999939912826155
0.24999888213245258
0.24999918605847934
0.2499993399389795
0.24999950959127382
0.2499994212799887
0.24999918337491905
0.2499990174234228
0.24999928060244972
0.24999899695332992
0.24999925466430237
0.2499991198624917
0.24999921292594385
0.2499989839978176
0.2499990099685721
0.24999898243113863
0.24999868605887005
0.2499995861344612
0.2499986756804254
0.24999880929110074
0.24999896536445024
0.24999906118623033
0.24999897057837867
0.24999971609756744
0.24999902684626393
0.2499987952308264
0.24999856528437178
0.24999969691279703
0.24999918037675756
0.249998376391181
0.2499995975185168
0.24999910554834706
0.2499994278017573
0.24999902830971243
0.2499987106592459
0.24999894445170717
0.2499993380706918
0.2499992530859987
0.2499988603563743
0.24999902280750283
0.24999934042629637
0.2499988003247114
0.24999921999968647
0.24999920832562783
0.24999875458725332
0.24999947563713462
0.24999901765993138
0.2499989412885739
0.24999918804648408
0.2499985952338773
0.2499987303575069
0.249999078055388
0.24999975703230987
0.24999894863410907
0.24999922011235454
0.24999896196613114
0.24999922433723917
0.24999908657962155
0.24999878722210733
0.24999943716300282
0.24999915642465653
0.2499991470715903
0.24999899403448989
0.24999913504924792
0.24999890663151694
0.2499990882698602
0.24999908117677921
0.24999931437702236
0.24999919265011136
0.2499988907382925
0.2499989849080737
0.2499991159251169
0.2499992955583722
0.24999930316427496
0.24999937345230983
0.24999883178302054
0.24999921098139663
0.24999922155345908
0.24999973143043655
0.24999881863150158
0.24999971023345482
0.24999954626070978
0.24999952065997808
0.24999910618912782
0.2499987059758349
0.24999927941309735
0.2499990769641656
0.24999901633919813
0.2499994371516766
0.24999904706790016
0.24999893958614833
0.24999922436331615
0.24999944005603048
0.2499992248670942
0.24999931372363857
0.24999896916574613
0.24999905951342313
0.24999913516723082
0.24999977601232456
0.24999886673371463
0.2499995634856674
0.24999884776658057
0.2499988664058217
0.24999934489617692
0.24999902477258854
0.24999948682169448
0.2499992988538366
0.24999863868297661
0.24999957036240608
0.24999942626786886
0.2499988533991265
0.24999852332003025
0.2499990047801319
0.2499991774949872
0.24999911450232706
0.24999919183821126
0.24999879682608467
0.2499989831717932
0.24999912509472308
0.2499992088507479
0.2499988071317861
0.24999917526996113
0.24999934882951835
0.2499991707291414
0.24999899130457
0.2499998419783587
0.24999896372760827
0.24999944033153343
0.2499993667024344
0.24999893653889851
0.2499991444021849
0.24999944825134832
0.24999924394289774
0.24999889170857448
0.24999935922919173
0.2499993146797884
0.24999874416634368
0.24999943989381335
0.24999917040278224
0.24999910435820683
0.24999884237743503
0.2499993498296571
0.2499993485934708
0.24999849443083072
0.2499995015398252
0.24999956138994192
0.24999943712971015
0.249998960040804
0.2499993677795824
0.24999892983304928
0.24999907091397175
0.24999902097026294
0.24999897823644765
0.24999888173700718
0.24999932952404202
0.24999926594123295
0.24999876102356028
0.24999876859327685
0.24999958670096845
0.2499989383253398
0.2499993808689565
0.24999960136812902
0.24999883424966574
0.24999943147907222
0.24999912582935715
0.24999932254002236
0.24999927919471865
0.24999921089634153
0.24999925681382917
0.24999875987232145
0.24999889433343916
0.2499991178037095
0.2499990974209703
0.24999923305124216
0.24999995818896198
0.24999920719697408
0.24999929853082142
0.24999917995563228
0.2499991908819071
0.24999934539302063
0.24999951116757105
0.24999912984754757
0.24999953205223702
0.2499989813267143
0.24999880779430897
0.24999923239566924
0.2499993475182596
0.24999884439954811
0.2499989680801576
0.2499993523728391
0.24999919394179795
0.24999924658246864
0.24999964312315692
0.24999964110067358
0.2499991956633775
0.24999903755706762
0.249999420198957
0.24999915756536256
0.24999927930359567
0.24999909455705377
0.24999948441984093
0.24999978371077325
0.24999930417785055
0.24999938335646651
0.2499989007634013
0.24999972896187544
0.24999898739418278
0.2499992130192543
0.24999907672221638
0.24999896021853754
0.24999943953182374
0.24999970758558007
0.24999948696117677
0.2499996796347728
0.2499990026140678
0.2499992999423873
0.2499996504142851
0.2499984892340139
0.2499992304450313
0.24999897194073484
0.24999907110328307
0.24999933977419342
0.24999939531449267
0.24999936888780525
0.24999906317367743
0.2499986841901638
0.2499992680294136
0.24999931860487412
0.24999962360607195
0.24999914780851937
0.24999934996801168
0.24999949402719843
0.24999927217369347
0.24999941406816983
0.24999936471089615
0.2499995518102159
0.24999899837979359
0.24999935762142347
0.2499992519164163
0.24999875277531708
0.2499993985867427
0.2499996945690279
0.2499994316490422
0.2499993845220221
0.2499989334567865
0.24999897758290587
0.24999930864551756
0.2499988997367872
0.24999907228749912
0.24999902121144882
0.2499994885128301
0.24999908356127418
0.24999947286339907
0.24999911879256173
0.24999950089199244
0.24999952251228927
0.24999982596723774
0.24999960655345702
0.24999960873950583
0.2499993764010779
0.2499994056342052
0.24999931870176542
0.2499998199654588
0.2499990821409973
0.24999936006806456
0.24999954667378219
0.24999946812172913
0.24999896736676522
0.2499990449394383
0.24999921761121546
0.24999906552200407
0.24999919604033222
0.2499992686116244
