0.01 1.0258915486077187
0.014880312652662434 1.0258915486077187
0.019760625305324866 1.0258915486077187
0.024640937957987302 1.0258915486077187
0.02952125061064973 1.0258915486077187
0.03440156326331217 1.0258915486077187
0.0392818759159746 1.0258915486077187
0.04416218856863703 1.0258915486077187
0.04904250122129947 1.0258915486077187
0.0539228138739619 1.074743527112848
0.05880312652662433 1.074743527112848
0.06368343917928676 1.074743527112848
0.0685637518319492 1.074743527112848
0.07344406448461163 1.074743527112848
0.07832437713727405 1.074743527112848
0.08320468978993649 1.074743527112848
0.08808500244259893 1.074743527112848
0.09296531509526136 1.074743527112848
0.0978456277479238 1.074743527112848
0.10272594040058622 1.1235955056179774
0.10760625305324865 1.1235955056179774
0.11248656570591109 1.1235955056179774
0.11736687835857353 1.1235955056179774
0.12224719101123596 1.1235955056179774
0.1271275036638984 1.1235955056179774
0.13200781631656083 1.1235955056179774
0.13688812896922328 1.1235955056179774
0.1417684416218857 1.1235955056179774
0.14664875427454813 1.1235955056179774
0.15152906692721058 1.172447484123107
0.156409379579873 1.172447484123107
0.16128969223253545 1.172447484123107
0.16617000488519787 1.172447484123107
0.1710503175378603 1.172447484123107
0.17593063019052274 1.172447484123107
0.18081094284318516 1.172447484123107
0.1856912554958476 1.172447484123107
0.19057156814851003 1.172447484123107
0.19545188080117246 1.2212994626282365
0.2003321934538349 1.2212994626282365
0.20521250610649733 1.2212994626282365
0.21009281875915978 1.2212994626282365
0.2149731314118222 1.2212994626282365
0.21985344406448462 1.2212994626282365
0.22473375671714707 1.2212994626282365
0.2296140693698095 1.2212994626282365
0.23449438202247194 1.2212994626282365
0.23937469467513436 1.2701514411333659
0.2442550073277968 1.2701514411333659
0.24913531998045924 1.2701514411333659
0.25401563263312166 1.2701514411333659
0.2588959452857841 1.2701514411333659
0.26377625793844656 1.2701514411333659
0.268656570591109 1.2701514411333659
0.2735368832437714 1.3190034196384952
0.2784171958964338 1.3190034196384952
0.28329750854909624 1.3190034196384952
0.2881778212017587 1.3190034196384952
0.29305813385442114 1.3190034196384952
0.29793844650708357 1.3190034196384952
0.302818759159746 1.3190034196384952
0.3076990718124084 1.3190034196384952
0.3125793844650709 1.3678553981436248
0.3174596971177333 1.3678553981436248
0.32234000977039573 1.3678553981436248
0.32722032242305815 1.3678553981436248
0.3321006350757206 1.3678553981436248
0.33698094772838305 1.3678553981436248
0.3418612603810455 1.3678553981436248
0.3467415730337079 1.4167073766487543
0.3516218856863703 1.4167073766487543
0.35650219833903274 1.4167073766487543
0.3613825109916952 1.4167073766487543
0.36626282364435764 1.4167073766487543
0.37114313629702006 1.4167073766487543
0.3760234489496825 1.4655593551538837
0.3809037616023449 1.4655593551538837
0.3857840742550074 1.4655593551538837
0.3906643869076698 1.4655593551538837
0.3955446995603322 1.4655593551538837
0.40042501221299465 1.4655593551538837
0.40530532486565707 1.4655593551538837
0.41018563751831955 1.514411333659013
0.41506595017098197 1.514411333659013
0.4199462628236444 1.514411333659013
0.4248265754763068 1.514411333659013
0.42970688812896923 1.514411333659013
0.4345872007816317 1.514411333659013
0.43946751343429413 1.5632633121641424
0.44434782608695655 1.5632633121641424
0.449228138739619 1.5632633121641424
0.4541084513922814 1.5632633121641424
0.4589887640449439 1.5632633121641424
0.4638690766976063 1.6121152906692722
0.4687493893502687 1.6121152906692722
0.47362970200293114 1.6121152906692722
0.4785100146555936 1.6121152906692722
0.48339032730825604 1.6121152906692722
0.48827063996091846 1.6609672691744015
0.4931509526135809 1.6609672691744015
0.4980312652662433 1.6609672691744015
0.5029115779189057 1.6609672691744015
0.5077918905715681 1.612115290669272
0.5126722032242306 1.6609672691744013
0.5175525158768931 1.6609672691744013
0.5224328285295555 1.6609672691744013
0.527313141182218 1.6609672691744013
0.5321934538348804 1.6609672691744013
0.5370737664875428 1.709819247679531
0.5419540791402052 1.709819247679531
0.5468343917928676 1.709819247679531
0.5517147044455301 1.709819247679531
0.5565950170981925 1.709819247679531
0.5614753297508549 1.7586712261846604
0.5663556424035174 1.7586712261846604
0.5712359550561799 1.7586712261846604
0.5761162677088423 1.7586712261846604
0.5809965803615047 1.8075232046897898
0.5858768930141671 1.8075232046897898
0.5907572056668295 1.8075232046897898
0.595637518319492 1.8075232046897898
0.6005178309721544 1.8563751831949191
0.6053981436248168 1.8563751831949191
0.6102784562774792 1.8563751831949191
0.6151587689301418 1.8563751831949191
0.6200390815828042 1.9052271617000485
0.6249193942354666 1.9052271617000485
0.629799706888129 1.9052271617000485
0.6346800195407915 1.9052271617000485
0.6395603321934539 1.9540791402051783
0.6444406448461163 1.9540791402051783
0.6493209574987787 1.9540791402051783
0.6542012701514411 2.0029311187103076
0.6590815828041037 2.0029311187103076
0.6639618954567661 2.0029311187103076
0.6688422081094285 2.0029311187103076
0.6737225207620909 2.051783097215437
0.6786028334147534 2.051783097215437
0.6834831460674158 2.051783097215437
0.6883634587200782 2.1006350757205667
0.6932437713727406 2.1006350757205667
0.698124084025403 2.1006350757205667
0.7030043966780655 2.149487054225696
0.707884709330728 2.149487054225696
0.7127650219833904 2.149487054225696
0.7176453346360528 2.1983390327308254
0.7225256472887153 2.1983390327308254
0.7274059599413777 2.1983390327308254
0.7322862725940401 2.2471910112359548
0.7371665852467025 2.2471910112359548
0.742046897899365 2.2471910112359548
0.7469272105520274 2.296042989741084
0.7518075232046898 2.296042989741084
0.7566878358573523 2.296042989741084
0.7615681485100148 2.344894968246214
0.7664484611626772 2.344894968246214
0.7713287738153396 2.344894968246214
0.776209086468002 2.3937469467513433
0.7810893991206644 2.3937469467513433
0.7859697117733269 2.3937469467513433
0.7908500244259893 2.4425989252564726
0.7957303370786517 2.4425989252564726
0.8006106497313141 2.4914509037616024
0.8054909623839767 2.4914509037616024
0.8103712750366391 2.4914509037616024
0.8152515876893015 2.5403028822667317
0.8201319003419639 2.5403028822667317
0.8250122129946263 2.589154860771861
0.8298925256472888 2.589154860771861
0.8347728382999512 2.589154860771861
0.8396531509526136 2.6380068392769904
0.844533463605276 2.6380068392769904
0.8494137762579385 2.6868588177821198
0.854294088910601 2.6868588177821198
0.8591744015632634 2.6868588177821198
0.8640547142159258 2.7357107962872496
0.8689350268685883 2.7357107962872496
0.8738153395212507 2.784562774792379
0.8786956521739131 2.784562774792379
0.8835759648265755 2.8334147532975082
0.8884562774792379 2.8334147532975082
0.8933365901319004 2.882266731802638
0.8982169027845628 2.882266731802638
0.9030972154372253 2.9311187103077674
0.9079775280898877 2.9311187103077674
0.9128578407425502 2.9311187103077674
0.9177381533952126 2.9799706888128967
0.922618466047875 2.9799706888128967
0.9274987787005374 3.028822667318026
0.9323790913531999 3.028822667318026
0.9372594040058623 3.0776746458231554
0.9421397166585247 3.0776746458231554
0.9470200293111872 3.126526624328285
0.9519003419638496 3.126526624328285
0.9567806546165121 3.1753786028334146
0.9616609672691745 3.1753786028334146
0.9665412799218369 3.224230581338544
0.9714215925744993 3.224230581338544
0.9763019052271618 3.2730825598436737
0.9811822178798242 3.2730825598436737
0.9860625305324866 3.321934538348803
0.990942843185149 3.321934538348803
0.9958231558378116 3.3707865168539324
1.0007034684904739 3.3707865168539324
1.0055837811431363 3.4196384953590617
1.0104640937957987 3.4196384953590617
1.0153444064484611 3.468490473864191
1.0202247191011238 3.468490473864191
1.0251050317537862 3.5173424523693204
1.0299853444064486 3.5173424523693204
1.034865657059111 3.5661944308744498
1.0397459697117735 3.5661944308744498
1.0446262823644359 3.61504640937958
1.0495065950170983 3.61504640937958
1.0543869076697607 3.6638983878847093
1.0592672203224232 3.61504640937958
1.0641475329750856 3.6638983878847093
1.069027845627748 3.6638983878847093
1.0739081582804104 3.7127503663898387
1.0787884709330728 3.7127503663898387
1.0836687835857353 3.761602344894968
1.0885490962383977 3.761602344894968
1.09342940889106 3.8104543234000974
1.0983097215437225 3.8104543234000974
1.103190034196385 3.8593063019052267
1.1080703468490474 3.908158280410357
1.1129506595017098 3.908158280410357
1.1178309721543724 3.9570102589154863
1.1227112848070349 3.9570102589154863
1.1275915974596973 4.005862237420615
1.1324719101123597 4.005862237420615
1.1373522227650221 4.054714215925745
1.1422325354176845 4.054714215925745
1.147112848070347 4.103566194430874
1.1519931607230094 4.103566194430874
1.1568734733756718 4.152418172936004
1.1617537860283342 4.152418172936004
1.1666340986809967 4.201270151441133
1.171514411333659 4.201270151441133
1.1763947239863215 4.250122129946263
1.181275036638984 4.250122129946263
1.1861553492916463 4.298974108451391
1.1910356619443088 4.298974108451391
1.1959159745969712 4.3478260869565215
1.2007962872496336 4.3478260869565215
1.205676599902296 4.396678065461652
1.2105569125549585 4.396678065461652
1.215437225207621 4.44553004396678
1.2203175378602835 4.44553004396678
1.225197850512946 4.49438202247191
1.2300781631656084 4.49438202247191
1.2349584758182708 4.543234000977039
1.2398387884709332 4.543234000977039
1.2447191011235956 4.592085979482169
1.249599413776258 4.592085979482169
1.2544797264289205 4.640937957987298
1.259360039081583 4.689789936492428
1.2642403517342453 4.689789936492428
1.2691206643869077 4.738641914997558
1.2740009770395702 4.738641914997558
1.2788812896922326 4.7874938935026865
1.283761602344895 4.7874938935026865
1.2886419149975574 4.836345872007817
1.2935222276502198 4.836345872007817
1.2984025403028823 4.885197850512945
1.3032828529555447 4.885197850512945
1.3081631656082073 4.934049829018075
1.3130434782608698 4.934049829018075
1.3179237909135322 4.982901807523204
1.3228041035661946 4.982901807523204
1.327684416218857 5.031753786028334
1.3325647288715194 5.031753786028334
1.3374450415241819 5.080605764533463
1.3423253541768443 5.080605764533463
1.3472056668295067 5.129457743038593
1.3520859794821691 5.129457743038593
1.3569662921348316 5.178309721543723
1.361846604787494 5.178309721543723
1.3667269174401564 5.2271617000488515
1.3716072300928188 5.2271617000488515
1.3764875427454812 5.276013678553982
1.3813678553981437 5.276013678553982
1.386248168050806 5.32486565705911
1.3911284807034685 5.32486565705911
1.396008793356131 5.37371763556424
1.4008891060087934 5.37371763556424
1.405769418661456 5.422569614069369
1.4106497313141184 5.422569614069369
1.4155300439667808 5.471421592574499
1.4204103566194433 5.471421592574499
1.4252906692721057 5.520273571079629
1.430170981924768 5.520273571079629
1.4350512945774305 5.569125549584758
1.439931607230093 5.569125549584758
1.4448119198827554 5.617977528089888
1.4496922325354178 5.617977528089888
1.4545725451880802 5.6668295065950165
1.4594528578407426 5.6668295065950165
1.464333170493405 5.715681485100147
1.4692134831460675 5.715681485100147
1.47409379579873 5.764533463605275
1.4789741084513923 5.764533463605275
1.4838544211040547 5.813385442110405
1.4887347337567172 5.813385442110405
1.4936150464093796 5.862237420615534
1.498495359062042 5.862237420615534
1.5033756717147047 5.911089399120664
1.508255984367367 5.911089399120664
1.5131362970200295 5.959941377625794
1.518016609672692 5.959941377625794
1.5228969223253543 6.008793356130923
1.5277772349780168 6.008793356130923
1.5326575476306792 6.008793356130923
1.5375378602833416 6.008793356130923
1.542418172936004 6.057645334636052
1.5472984855886665 6.057645334636052
1.5521787982413289 6.1064973131411815
1.5570591108939913 6.1064973131411815
1.5619394235466537 6.155349291646311
1.5668197361993161 6.155349291646311
1.5717000488519786 6.204201270151441
1.576580361504641 6.204201270151441
1.5814606741573034 6.25305324865657
1.5863409868099658 6.25305324865657
1.5912212994626282 6.3019052271617
1.596101612115291 6.3019052271617
1.6009819247679533 6.350757205666829
1.6058622374206157 6.350757205666829
1.6107425500732782 6.3996091841719585
1.6156228627259406 6.3996091841719585
1.620503175378603 6.448461162677088
1.6253834880312654 6.448461162677088
1.6302638006839278 6.448461162677088
1.6351441133365903 6.497313141182217
1.6400244259892527 6.497313141182217
1.644904738641915 6.5461651196873465
1.6497850512945775 6.5461651196873465
1.65466536394724 6.595017098192476
1.6595456765999024 6.595017098192476
1.6644259892525648 6.643869076697606
1.6693063019052272 6.643869076697606
1.6741866145578896 6.692721055202735
1.679066927210552 6.692721055202735
1.6839472398632145 6.741573033707865
1.688827552515877 6.741573033707865
1.6937078651685396 6.790425012212994
1.698588177821202 6.790425012212994
1.7034684904738644 6.8392769907181235
1.7083488031265268 6.8392769907181235
1.7132291157791892 6.888128969223253
1.7181094284318517 6.888128969223253
1.722989741084514 6.936980947728382
1.7278700537371765 6.936980947728382
1.732750366389839 6.985832926233512
1.7376306790425013 6.985832926233512
1.7425109916951638 7.034684904738642
1.7473913043478262 7.034684904738642
1.7522716170004886 7.083536883243771
1.757151929653151 7.083536883243771
1.7620322423058135 7.1323888617489
1.7669125549584759 7.1323888617489
1.7717928676111383 7.18124084025403
1.7766731802638007 7.18124084025403
1.7815534929164631 7.230092818759159
1.7864338055691256 7.230092818759159
1.7913141182217882 7.2789447972642884
1.7961944308744506 7.2789447972642884
1.801074743527113 7.327796775769418
1.8059550561797755 7.327796775769418
1.810835368832438 7.327796775769418
1.8157156814851003 7.376648754274547
1.8205959941377627 7.376648754274547
1.8254763067904252 7.425500732779677
1.8303566194430876 7.425500732779677
1.83523693209575 7.474352711284806
1.8401172447484124 7.474352711284806
1.8449975574010749 7.523204689789936
1.8498778700537373 7.523204689789936
1.8547581827063997 7.5720566682950645
1.8596384953590621 7.5720566682950645
1.8645188080117245 7.620908646800195
1.869399120664387 7.620908646800195
1.8742794333170494 7.669760625305325
1.8791597459697118 7.669760625305325
1.8840400586223744 7.718612603810453
1.8889203712750369 7.718612603810453
1.8938006839276993 7.767464582315584
1.8986809965803617 7.767464582315584
1.9035613092330241 7.816316560820712
1.9084416218856866 7.816316560820712
1.913321934538349 7.865168539325842
1.9182022471910114 7.865168539325842
1.9230825598436738 7.914020517830971
1.9279628724963362 7.914020517830971
1.9328431851489987 7.962872496336101
1.937723497801661 7.962872496336101
1.9426038104543235 7.962872496336101
1.947484123106986 7.962872496336102
1.9523644357596484 7.962872496336102
1.9572447484123108 8.01172447484123
1.9621250610649732 8.01172447484123
1.9670053737176356 8.06057645334636
1.971885686370298 8.06057645334636
1.9767659990229605 8.109428431851489
1.981646311675623 8.109428431851489
1.9865266243282855 8.15828041035662
1.991406936980948 8.15828041035662
1.9962872496336104 8.207132388861748
2.001167562286273 8.207132388861748
2.006047874938935 8.255984367366878
2.010928187591597 8.255984367366878
2.0158085002442596 8.304836345872008
2.020688812896922 8.304836345872008
2.0255691255495845 8.353688324377137
2.0304494382022473 8.353688324377137
2.0353297508549097 8.402540302882267
2.040210063507572 8.402540302882267
2.0450903761602346 8.451392281387395
2.049970688812897 8.451392281387395
2.0548510014655594 8.451392281387395
2.059731314118222 8.500244259892526
2.0646116267708843 8.500244259892526
2.0694919394235467 8.549096238397654
2.074372252076209 8.549096238397654
2.0792525647288715 8.597948216902784
2.084132877381534 8.597948216902784
2.0890131900341964 8.646800195407913
2.093893502686859 8.646800195407913
2.0987738153395212 8.695652173913043
2.1036541279921837 8.695652173913043
2.108534440644846 8.744504152418173
2.1134147532975085 8.744504152418173
2.118295065950171 8.793356130923302
2.1231753786028333 8.793356130923302
2.1280556912554958 8.842208109428432
2.132936003908158 8.842208109428432
2.1378163165608206 8.89106008793356
2.142696629213483 8.89106008793356
2.1475769418661455 8.93991206643869
2.152457254518808 8.93991206643869
2.1573375671714703 8.93991206643869
2.1622178798241327 8.988764044943819
2.167098192476795 8.988764044943819
2.1719785051294576 9.03761602344895
2.17685881778212 9.03761602344895
2.1817391304347824 9.086468001954078
2.186619443087445 9.086468001954078
2.1914997557401072 9.135319980459208
2.1963800683927697 9.135319980459208
2.201260381045432 9.184171958964338
2.2061406936980945 9.184171958964338
2.211021006350757 9.233023937469467
2.2159013190034194 9.233023937469467
2.2207816316560822 9.281875915974597
2.2256619443087446 9.281875915974597
2.230542256961407 9.330727894479725
2.2354225696140695 9.330727894479725
2.240302882266732 9.379579872984856
2.2451831949193943 9.379579872984856
2.2500635075720568 9.379579872984856
2.254943820224719 9.428431851489984
2.2598241328773816 9.428431851489984
2.264704445530044 9.477283829995114
2.2695847581827064 9.477283829995114
2.274465070835369 9.526135808500245
2.2793453834880313 9.526135808500245
2.2842256961406937 9.574987787005373
2.289106008793356 9.574987787005373
2.2939863214460186 9.623839765510503
2.298866634098681 9.623839765510503
2.3037469467513434 9.672691744015632
2.308627259404006 9.672691744015632
2.3135075720566682 9.721543722520762
2.3183878847093307 9.672691744015633
2.323268197361993 9.721543722520762
2.3281485100146555 9.721543722520762
2.333028822667318 9.770395701025892
2.3379091353199803 9.770395701025892
2.3427894479726428 9.770395701025892
2.347669760625305 9.819247679531022
2.3525500732779676 9.819247679531022
2.35743038593063 9.86809965803615
2.3623106985832925 9.86809965803615
2.367191011235955 9.916951636541281
2.3720713238886173 9.916951636541281
2.3769516365412797 9.96580361504641
2.381831949193942 9.96580361504641
2.3867122618466046 10.01465559355154
2.391592574499267 10.01465559355154
2.3964728871519294 10.063507572056668
2.401353199804592 10.063507572056668
2.4062335124572543 10.112359550561798
2.4111138251099167 10.112359550561798
2.4159941377625795 10.161211529066927
2.420874450415242 10.161211529066927
2.4257547630679044 10.210063507572057
2.430635075720567 10.210063507572057
2.4355153883732292 10.210063507572057
2.4403957010258917 10.258915486077187
2.445276013678554 10.258915486077187
2.4501563263312165 10.307767464582316
2.455036638983879 10.307767464582316
2.4599169516365413 10.356619443087446
2.4647972642892038 10.356619443087446
2.469677576941866 10.405471421592575
2.4745578895945286 10.405471421592575
2.479438202247191 10.454323400097705
2.4843185148998534 10.454323400097705
2.489198827552516 10.503175378602833
2.4940791402051783 10.503175378602833
2.4989594528578407 10.552027357107963
2.503839765510503 10.552027357107963
2.5087200781631656 10.600879335613092
2.513600390815828 10.600879335613092
2.5184807034684904 10.600879335613092
2.523361016121153 10.649731314118222
2.5282413287738152 10.649731314118222
2.5331216414264777 10.698583292623352
2.53800195407914 10.698583292623352
2.5428822667318025 10.74743527112848
2.547762579384465 10.74743527112848
2.5526428920371274 10.796287249633611
2.5575232046897898 10.796287249633611
2.562403517342452 10.84513922813874
2.5672838299951146 10.84513922813874
2.572164142647777 10.89399120664387
2.5770444553004395 10.89399120664387
2.581924767953102 10.942843185148998
2.5868050806057643 10.942843185148998
2.5916853932584267 10.991695163654128
2.596565705911089 10.991695163654128
2.6014460185637516 10.991695163654128
2.6063263312164144 11.040547142159259
2.611206643869077 11.040547142159259
2.6160869565217393 11.089399120664387
2.6209672691744017 11.089399120664387
2.625847581827064 11.138251099169517
2.6307278944797265 11.138251099169517
2.635608207132389 11.187103077674646
2.6404885197850514 11.187103077674646
2.645368832437714 11.235955056179776
2.6502491450903762 11.235955056179776
2.6551294577430387 11.235955056179774
2.660009770395701 11.235955056179774
2.6648900830483635 11.284807034684905
2.669770395701026 11.284807034684905
2.6746507083536883 11.333659013190035
2.6795310210063508 11.333659013190035
2.684411333659013 11.333659013190035
2.6892916463116756 11.382510991695163
2.694171958964338 11.382510991695163
2.6990522716170005 11.431362970200293
2.703932584269663 11.431362970200293
2.7088128969223253 11.480214948705422
2.7136932095749877 11.480214948705422
2.71857352222765 11.529066927210552
2.7234538348803126 11.529066927210552
2.728334147532975 11.57791890571568
2.7332144601856374 11.57791890571568
2.7380947728383 11.62677088422081
2.7429750854909623 11.62677088422081
2.7478553981436247 11.67562286272594
2.752735710796287 11.67562286272594
2.7576160234489495 11.72447484123107
2.762496336101612 11.72447484123107
2.7673766487542744 11.72447484123107
2.772256961406937 11.7733268197362
2.777137274059599 11.7733268197362
2.7820175867122616 11.822178798241328
2.786897899364924 11.822178798241328
2.7917782120175865 11.871030776746458
2.796658524670249 11.871030776746458
2.8015388373229118 11.919882755251587
2.806419149975574 11.919882755251587
2.8112994626282366 11.968734733756717
2.816179775280899 11.968734733756717
2.8210600879335614 12.017586712261846
2.825940400586224 12.017586712261846
2.8308207132388863 12.066438690766976
2.8357010258915487 12.066438690766976
2.840581338544211 12.066438690766976
2.8454616511968736 12.115290669272104
2.850341963849536 12.115290669272104
2.8552222765021984 12.164142647777235
2.860102589154861 12.164142647777235
2.8649829018075232 12.212994626282365
2.8698632144601857 12.212994626282365
2.874743527112848 12.261846604787493
2.8796238397655105 12.261846604787493
2.884504152418173 12.310698583292623
2.8893844650708354 12.310698583292623
2.8942647777234978 12.359550561797752
2.89914509037616 12.359550561797752
2.9040254030288226 12.408402540302882
2.908905715681485 12.408402540302882
2.9137860283341475 12.45725451880801
2.91866634098681 12.45725451880801
2.9235466536394723 12.45725451880801
2.9284269662921347 12.50610649731314
2.933307278944797 12.50610649731314
2.9381875915974596 12.554958475818271
2.943067904250122 12.554958475818271
2.9479482169027844 12.6038104543234
2.952828529555447 12.6038104543234
2.9577088422081093 12.65266243282853
2.9625891548607717 12.65266243282853
2.967469467513434 12.701514411333658
2.9723497801660965 12.652662432828528
2.977230092818759 12.701514411333658
2.9821104054714214 12.701514411333658
2.986990718124084 12.750366389838787
2.9918710307767467 12.750366389838787
2.996751343429409 12.750366389838787
3.0016316560820715 12.799218368343917
3.006511968734734 12.799218368343917
3.0113922813873963 12.848070346849047
3.0162725940400588 12.848070346849047
3.021152906692721 12.896922325354176
3.0260332193453836 12.896922325354176
3.030913531998046 12.945774303859306
3.0357938446507085 12.945774303859306
3.040674157303371 12.994626282364434
3.0455544699560333 12.994626282364434
3.0504347826086957 13.043478260869565
3.055315095261358 13.043478260869565
3.0601954079140206 13.092330239374693
3.065075720566683 13.092330239374693
3.0699560332193454 13.092330239374693
3.074836345872008 13.141182217879823
3.0797166585246702 13.141182217879823
3.0845969711773327 13.190034196384952
3.089477283829995 13.190034196384952
3.0943575964826575 13.238886174890082
3.09923790913532 13.238886174890082
3.1041182217879824 13.287738153395212
3.108998534440645 13.287738153395212
3.113878847093307 13.33659013190034
3.1187591597459696 13.33659013190034
3.123639472398632 13.38544211040547
3.1285197850512945 13.38544211040547
3.133400097703957 13.4342940889106
3.1382804103566193 13.4342940889106
3.1431607230092817 13.4342940889106
3.148041035661944 13.48314606741573
3.1529213483146066 13.48314606741573
3.157801660967269 13.531998045920858
3.1626819736199314 13.531998045920858
3.167562286272594 13.580850024425988
3.1724425989252563 13.580850024425988
3.1773229115779187 13.629702002931117
3.1822032242305816 13.629702002931117
3.187083536883244 13.678553981436247
3.1919638495359064 13.678553981436247
3.196844162188569 13.727405959941377
3.2017244748412312 13.727405959941377
3.2066047874938937 13.776257938446506
3.211485100146556 13.776257938446506
3.2163654127992185 13.776257938446506
3.221245725451881 13.825109916951636
3.2261260381045433 13.825109916951636
3.2310063507572058 13.873961895456764
3.235886663409868 13.873961895456764
3.2407669760625306 13.922813873961895
3.245647288715193 13.922813873961895
3.2505276013678555 13.971665852467023
3.255407914020518 13.971665852467023
3.2602882266731803 14.020517830972153
3.2651685393258427 14.020517830972153
3.270048851978505 14.069369809477283
3.2749291646311676 14.020517830972155
3.27980947728383 14.069369809477283
3.2846897899364924 14.069369809477283
3.289570102589155 14.069369809477283
3.2944504152418173 14.118221787982414
3.2993307278944797 14.118221787982414
3.304211040547142 14.167073766487542
3.3090913531998045 14.167073766487542
3.313971665852467 14.215925744992672
3.3188519785051294 14.215925744992672
3.323732291157792 14.2647777234978
3.328612603810454 14.2647777234978
3.3334929164631166 14.313629702002931
3.338373229115779 14.313629702002931
3.3432535417684415 14.362481680508061
3.348133854421104 14.362481680508061
3.3530141670737663 14.41133365901319
3.3578944797264287 14.41133365901319
3.362774792379091 14.41133365901319
3.3676551050317536 14.46018563751832
3.372535417684416 14.46018563751832
3.377415730337079 14.509037616023448
3.3822960429897413 14.509037616023448
3.3871763556424037 14.557889594528579
3.392056668295066 14.557889594528579
3.3969369809477286 14.606741573033707
3.401817293600391 14.606741573033707
3.4066976062530534 14.655593551538837
3.411577918905716 14.655593551538837
3.4164582315583782 14.704445530043966
3.4213385442110407 14.704445530043966
3.426218856863703 14.753297508549096
3.4310991695163655 14.753297508549096
3.435979482169028 14.753297508549096
3.4408597948216904 14.802149487054226
3.4457401074743528 14.802149487054226
3.450620420127015 14.851001465559355
3.4555007327796776 14.851001465559355
3.46038104543234 14.899853444064485
3.4652613580850025 14.899853444064485
3.470141670737665 14.948705422569613
3.4750219833903273 14.948705422569613
3.4799022960429897 14.997557401074744
3.484782608695652 14.997557401074744
3.4896629213483146 15.046409379579872
3.494543234000977 15.046409379579872
3.4994235466536394 15.095261358085002
3.504303859306302 15.095261358085002
3.5091841719589643 15.095261358085002
3.5140644846116267 15.14411333659013
3.518944797264289 15.14411333659013
3.5238251099169515 15.192965315095261
3.528705422569614 15.192965315095261
3.5335857352222764 15.241817293600391
3.538466047874939 15.241817293600391
3.543346360527601 15.290669272105522
3.5482266731802636 15.290669272105522
3.553106985832926 15.339521250610648
3.5579872984855885 15.339521250610648
3.562867611138251 15.339521250610648
3.5677479237909138 15.339521250610648
3.572628236443576 15.388373229115778
3.5775085490962386 15.388373229115778
3.582388861748901 15.388373229115778
3.5872691744015635 15.437225207620909
3.592149487054226 15.437225207620909
3.5970297997068883 15.486077186126035
3.6019101123595507 15.486077186126035
3.606790425012213 15.534929164631166
3.6116707376648756 15.534929164631166
3.616551050317538 15.583781143136296
3.6214313629702004 15.583781143136296
3.626311675622863 15.632633121641426
3.6311919882755253 15.632633121641426
3.6360723009281877 15.681485100146556
3.64095261358085 15.681485100146556
3.6458329262335125 15.681485100146556
3.650713238886175 15.730337078651683
3.6555935515388374 15.730337078651683
3.6604738641915 15.779189057156813
3.665354176844162 15.779189057156813
3.6702344894968246 15.828041035661943
3.675114802149487 15.828041035661943
3.6799951148021495 15.876893014167074
3.684875427454812 15.876893014167074
3.6897557401074743 15.925744992672204
3.6946360527601367 15.925744992672204
3.699516365412799 15.97459697117733
3.7043966780654616 15.97459697117733
3.709276990718124 16.02344894968246
3.7141573033707864 16.02344894968246
3.719037616023449 16.02344894968246
3.7239179286761113 16.07230092818759
3.7287982413287737 16.07230092818759
3.733678553981436 16.12115290669272
3.7385588666340985 16.12115290669272
3.743439179286761 16.170004885197848
3.7483194919394234 16.170004885197848
3.753199804592086 16.218856863702978
3.7580801172447487 16.218856863702978
3.762960429897411 16.26770884220811
3.7678407425500735 16.26770884220811
3.772721055202736 16.31656082071324
3.7776013678553984 16.31656082071324
3.7824816805080608 16.36541279921837
3.787361993160723 16.36541279921837
3.7922423058133856 16.36541279921837
3.797122618466048 16.414264777723496
3.8020029311187105 16.414264777723496
3.806883243771373 16.463116756228626
3.8117635564240353 16.463116756228626
3.8166438690766977 16.511968734733756
3.82152418172936 16.511968734733756
3.8264044943820226 16.560820713238886
3.831284807034685 16.560820713238886
3.8361651196873474 16.609672691744013
3.84104543234001 16.560820713238883
3.8459257449926723 16.609672691744013
3.8508060576453347 16.609672691744013
3.855686370297997 16.609672691744013
3.8605666829506595 16.658524670249143
3.865446995603322 16.658524670249143
3.8703273082559844 16.707376648754273
3.875207620908647 16.707376648754273
3.880087933561309 16.756228627259404
3.8849682462139716 16.756228627259404
3.889848558866634 16.80508060576453
3.8947288715192965 16.80508060576453
3.899609184171959 16.85393258426966
3.9044894968246213 16.85393258426966
3.9093698094772837 16.90278456277479
3.914250122129946 16.90278456277479
3.9191304347826086 16.95163654127992
3.924010747435271 16.95163654127992
3.9288910600879334 16.95163654127992
3.933771372740596 17.00048851978505
3.9386516853932583 17.00048851978505
3.9435319980459207 17.049340498290178
3.948412310698583 17.049340498290178
3.953292623351246 17.098192476795308
3.9581729360039084 17.098192476795308
3.963053248656571 17.14704445530044
3.9679335613092332 17.14704445530044
3.9728138739618957 17.19589643380557
3.977694186614558 17.19589643380557
3.9825744992672205 17.244748412310695
3.987454811919883 17.244748412310695
3.9923351245725454 17.244748412310695
3.997215437225208 17.293600390815826
4.002095749877871 17.293600390815826
4.006976062530533 17.342452369320956
4.011856375183195 17.342452369320956
4.0167366878358575 17.391304347826086
4.0216170004885194 17.391304347826086
4.026497313141182 17.440156326331216
4.031377625793844 17.440156326331216
4.036257938446507 17.489008304836343
4.041138251099169 17.489008304836343
4.046018563751832 17.537860283341473
4.050898876404495 17.537860283341473
4.055779189057157 17.586712261846603
4.06065950170982 17.586712261846603
4.065539814362482 17.586712261846603
4.0704201270151446 17.635564240351734
4.0753004396678065 17.635564240351734
4.080180752320469 17.68441621885686
4.085061064973131 17.68441621885686
4.089941377625794 17.73326819736199
4.094821690278456 17.73326819736199
4.099702002931119 17.78212017586712
4.104582315583781 17.78212017586712
4.109462628236444 17.782120175867124
4.114342940889106 17.782120175867124
4.119223253541769 17.830972154372255
4.124103566194431 17.830972154372255
4.128983878847094 17.830972154372255
4.133864191499756 17.87982413287738
4.1387445041524185 17.87982413287738
4.14362481680508 17.92867611138251
4.148505129457743 17.92867611138251
4.153385442110405 17.97752808988764
4.158265754763068 17.97752808988764
4.16314606741573 18.026380068392772
4.168026380068393 18.026380068392772
4.172906692721055 18.0752320468979
4.177787005373718 18.0752320468979
4.18266731802638 18.12408402540303
4.187547630679043 18.12408402540303
4.192427943331705 18.17293600390816
4.1973082559843675 18.17293600390816
4.2021885686370295 18.17293600390816
4.207068881289692 18.22178798241329
4.211949193942354 18.22178798241329
4.216829506595017 18.27063996091842
4.221709819247679 18.27063996091842
4.226590131900342 18.319491939423546
4.231470444553004 18.319491939423546
4.236350757205667 18.368343917928676
4.24123106985833 18.368343917928676
4.246111382510992 18.417195896433807
4.250991695163655 18.417195896433807
4.255872007816317 18.466047874938937
4.2607523204689794 18.466047874938937
4.265632633121641 18.466047874938937
4.270512945774304 18.514899853444064
4.275393258426966 18.514899853444064
4.280273571079629 18.563751831949194
4.285153883732291 18.563751831949194
4.290034196384954 18.612603810454324
4.294914509037616 18.612603810454324
4.299794821690279 18.661455788959454
4.304675134342941 18.661455788959454
4.309555446995604 18.710307767464585
4.314435759648266 18.710307767464585
4.3193160723009285 18.75915974596971
4.3241963849535905 18.75915974596971
4.329076697606253 18.75915974596971
4.333957010258915 18.80801172447484
4.338837322911578 18.80801172447484
4.34371763556424 18.85686370297997
4.348597948216903 18.85686370297997
4.353478260869565 18.905715681485102
4.358358573522228 18.905715681485102
4.36323888617489 18.954567659990232
4.368119198827553 18.954567659990232
4.372999511480215 18.95456765999023
4.377879824132878 18.95456765999023
4.3827601367855396 19.00341963849536
4.387640449438202 19.00341963849536
4.392520762090864 19.05227161700049
4.397401074743527 19.05227161700049
4.402281387396189 19.05227161700049
4.407161700048852 19.10112359550562
4.412042012701514 19.10112359550562
4.416922325354177 19.149975574010746
4.421802638006839 19.149975574010746
4.426682950659502 19.198827552515876
4.431563263312165 19.198827552515876
4.436443575964827 19.247679531021006
4.4413238886174895 19.247679531021006
4.4462042012701515 19.296531509526137
4.451084513922814 19.296531509526137
4.455964826575476 19.345383488031267
4.460845139228139 19.345383488031267
4.465725451880801 19.345383488031267
4.470605764533464 19.394235466536394
4.475486077186126 19.394235466536394
4.480366389838789 19.443087445041524
4.485246702491451 19.443087445041524
4.490127015144114 19.491939423546654
4.495007327796776 19.491939423546654
4.499887640449439 19.540791402051784
4.5047679531021005 19.540791402051784
4.509648265754763 19.58964338055691
4.514528578407425 19.58964338055691
4.519408891060088 19.63849535906204
4.52428920371275 19.63849535906204
4.529169516365413 19.63849535906204
4.534049829018075 19.68734733756717
4.538930141670738 19.68734733756717
4.5438104543234 19.7361993160723
4.548690766976063 19.7361993160723
4.553571079628725 19.785051294577432
4.558451392281388 19.785051294577432
4.56333170493405 19.83390327308256
4.5682120175867125 19.83390327308256
4.5730923302393744 19.88275525158769
4.577972642892037 19.88275525158769
4.582852955544699 19.93160723009282
4.587733268197362 19.93160723009282
4.592613580850024 19.98045920859795
4.597493893502687 19.98045920859795
4.602374206155349 19.98045920859795
4.607254518808012 20.02931118710308
4.612134831460674 20.02931118710308
4.617015144113337 20.078163165608206
4.621895456765999 20.078163165608206
4.6267757694186615 20.127015144113336
4.631656082071324 20.127015144113336
4.636536394723986 20.127015144113336
4.641416707376649 20.127015144113336
4.646297020029311 20.175867122618467
4.651177332681974 20.175867122618467
4.656057645334636 20.224719101123593
4.660937957987299 20.224719101123593
4.665818270639961 20.224719101123593
4.670698583292624 20.273571079628724
4.675578895945286 20.273571079628724
4.680459208597949 20.322423058133854
4.685339521250611 20.322423058133854
4.6902198339032735 20.371275036638984
4.695100146555935 20.371275036638984
4.699980459208598 20.420127015144114
4.70486077186126 20.420127015144114
4.709741084513923 20.46897899364924
4.714621397166585 20.46897899364924
4.719501709819248 20.51783097215437
4.72438202247191 20.51783097215437
4.729262335124573 20.51783097215437
4.734142647777235 20.5666829506595
4.739022960429898 20.5666829506595
4.74390327308256 20.61553492916463
4.7487835857352225 20.61553492916463
4.7536638983878845 20.66438690766976
4.758544211040547 20.66438690766976
4.763424523693209 20.71323888617489
4.768304836345872 20.71323888617489
4.773185148998534 20.76209086468002
4.778065461651197 20.76209086468002
4.782945774303859 20.81094284318515
4.787826086956522 20.81094284318515
4.792706399609184 20.81094284318515
4.797586712261847 20.85979482169028
4.802467024914509 20.85979482169028
4.807347337567172 20.908646800195406
4.812227650219834 20.908646800195406
4.817107962872496 20.957498778700536
4.821988275525159 20.957498778700536
4.826868588177821 21.006350757205666
4.831748900830484 21.006350757205666
4.836629213483146 21.055202735710797
4.841509526135809 21.055202735710797
4.846389838788471 21.104054714215923
4.851270151441134 21.104054714215923
4.856150464093796 21.152906692721054
4.861030776746459 21.152906692721054
4.865911089399121 21.152906692721054
4.8707914020517835 21.201758671226184
4.8756717147044455 21.201758671226184
4.880552027357108 21.250610649731314
4.88543234000977 21.250610649731314
4.890312652662433 21.299462628236444
4.895192965315095 21.250610649731314
4.900073277967758 21.29946262823644
4.90495359062042 21.29946262823644
4.909833903273083 21.34831460674157
4.914714215925745 21.34831460674157
4.919594528578408 21.3971665852467
4.92447484123107 21.3971665852467
4.929355153883733 21.3971665852467
4.9342354665363946 21.44601856375183
4.939115779189057 21.44601856375183
4.943996091841719 21.494870542256958
4.948876404494382 21.494870542256958
4.953756717147044 21.54372252076209
4.958637029799707 21.54372252076209
4.963517342452369 21.59257449926722
4.968397655105032 21.59257449926722
4.973277967757694 21.64142647777235
4.978158280410357 21.64142647777235
4.983038593063019 21.69027845627748
4.987918905715682 21.69027845627748
4.992799218368344 21.69027845627748
4.9976795310210065 21.739130434782606
5.0025598436736685 21.739130434782606
5.007440156326331 21.787982413287736
5.012320468978994 21.787982413287736
5.017200781631656 21.836834391792866
5.022081094284319 21.836834391792866
5.026961406936981 21.885686370297996
5.031841719589644 21.885686370297996
5.036722032242306 21.934538348803127
5.041602344894969 21.934538348803127
5.046482657547631 21.983390327308253
5.051362970200294 21.983390327308253
5.0562432828529555 21.983390327308253
5.061123595505618 22.032242305813384
5.06600390815828 22.032242305813384
5.070884220810943 22.081094284318514
5.075764533463605 22.081094284318514
5.080644846116268 22.129946262823644
5.08552515876893 22.129946262823644
5.090405471421593 22.17879824132877
5.095285784074255 22.17879824132877
5.100166096726918 22.2276502198339
5.10504640937958 22.2276502198339
5.109926722032243 22.27650219833903
5.114807034684905 22.27650219833903
5.1196873473375675 22.32535417684416
5.1245676599902295 22.32535417684416
5.129447972642892 22.32535417684416
5.134328285295554 22.37420615534929
5.139208597948217 22.37420615534929
5.144088910600879 22.42305813385442
5.148969223253542 22.37420615534929
5.153849535906204 22.42305813385442
5.158729848558867 22.42305813385442
5.163610161211529 22.471910112359552
5.168490473864192 22.471910112359552
5.173370786516854 22.52076209086468
5.1782510991695165 22.52076209086468
5.1831314118221785 22.569614069369806
5.188011724474841 22.569614069369806
5.192892037127503 22.569614069369806
5.197772349780166 22.61846604787494
5.202652662432829 22.61846604787494
5.207532975085491 22.667318026380066
5.212413287738154 22.667318026380066
5.217293600390816 22.7161700048852
5.222173913043479 22.7161700048852
5.227054225696141 22.765021983390326
5.231934538348804 22.765021983390326
5.236814851001466 22.813873961895453
5.2416951636541285 22.813873961895453
5.24657547630679 22.862725940400587
5.251455788959453 22.862725940400587
5.256336101612115 22.862725940400587
5.261216414264778 22.911577918905714
5.26609672691744 22.911577918905714
5.270977039570103 22.960429897410847
5.275857352222765 22.960429897410847
5.280737664875428 23.009281875915974
5.28561797752809 23.009281875915974
5.290498290180753 23.0581338544211
5.295378602833415 23.0581338544211
5.3002589154860775 23.106985832926235
5.3051392281387395 23.106985832926235
5.310019540791402 23.15583781143136
5.314899853444064 23.15583781143136
5.319780166096727 23.15583781143136
5.324660478749389 23.204689789936495
5.329540791402052 23.204689789936495
5.334421104054714 23.25354176844162
5.339301416707377 23.25354176844162
5.344181729360039 23.30239374694675
5.349062042012702 23.30239374694675
5.353942354665364 23.351245725451882
5.358822667318027 23.351245725451882
5.363702979970689 23.40009770395701
5.368583292623351 23.40009770395701
5.373463605276013 23.448949682462143
5.378343917928676 23.448949682462143
5.383224230581338 23.448949682462143
5.388104543234001 23.49780166096727
5.392984855886664 23.49780166096727
5.397865168539326 23.49780166096727
5.402745481191989 23.49780166096727
5.407625793844651 23.5466536394724
5.412506106497314 23.5466536394724
5.417386419149976 23.59550561797753
5.4222667318026385 23.59550561797753
5.4271470444553005 23.644357596482656
5.432027357107963 23.644357596482656
5.436907669760625 23.693209574987787
5.441787982413288 23.693209574987787
5.44666829506595 23.693209574987787
5.451548607718613 23.742061553492917
5.456428920371275 23.742061553492917
5.461309233023938 23.790913531998047
5.4661895456766 23.790913531998047
5.471069858329263 23.839765510503177
5.475950170981925 23.839765510503177
5.480830483634588 23.888617489008304
5.48571079628725 23.888617489008304
5.490591108939912 23.937469467513434
5.495471421592574 23.937469467513434
5.500351734245237 23.986321446018565
5.505232046897899 23.986321446018565
5.510112359550562 23.986321446018565
5.514992672203224 24.035173424523695
5.519872984855887 24.035173424523695
5.524753297508549 24.08402540302882
5.529633610161212 24.08402540302882
5.534513922813874 24.13287738153395
5.539394235466537 24.13287738153395
5.544274548119199 24.181729360039082
5.5491548607718615 24.181729360039082
5.5540351734245235 24.230581338544212
5.558915486077186 24.230581338544212
5.563795798729848 24.279433317049342
5.568676111382511 24.279433317049342
5.573556424035173 24.32828529555447
5.578436736687836 24.32828529555447
5.583317049340498 24.32828529555447
5.588197361993161 24.3771372740596
5.593077674645824 24.3771372740596
5.597957987298486 24.42598925256473
5.602838299951149 24.42598925256473
5.6077186126038105 24.47484123106986
5.612598925256473 24.47484123106986
5.617479237909135 24.523693209574986
5.622359550561798 24.523693209574986
5.62723986321446 24.572545188080117
5.632120175867123 24.572545188080117
5.637000488519785 24.621397166585247
5.641880801172448 24.621397166585247
5.64676111382511 24.621397166585247
5.651641426477773 24.621397166585247
5.656521739130435 24.621397166585247
5.661402051783098 24.670249145090377
5.66628236443576 24.670249145090377
5.6711626770884225 24.719101123595504
5.6760429897410845 24.719101123595504
5.680923302393747 24.767953102100634
5.685803615046409 24.767953102100634
5.690683927699072 24.816805080605764
5.695564240351734 24.816805080605764
5.700444553004397 24.865657059110895
5.705324865657059 24.865657059110895
5.710205178309722 24.865657059110895
5.715085490962384 24.914509037616025
5.719965803615047 24.914509037616025
5.724846116267709 24.96336101612115
5.7297264289203715 24.96336101612115
5.7346067415730335 25.01221299462628
5.739487054225696 25.01221299462628
5.744367366878358 25.061064973131412
5.749247679531021 25.061064973131412
5.754127992183683 25.109916951636542
5.759008304836346 25.109916951636542
5.763888617489008 25.15876893014167
5.768768930141671 25.15876893014167
5.773649242794333 25.15876893014167
5.778529555446996 25.2076209086468
5.783409868099659 25.2076209086468
5.788290180752321 25.25647288715193
5.7931704934049835 25.25647288715193
5.7980508060576454 25.30532486565706
5.802931118710308 25.30532486565706
5.80781143136297 25.35417684416219
5.812691744015633 25.35417684416219
5.817572056668295 25.403028822667316
5.822452369320958 25.403028822667316
5.82733268197362 25.451880801172447
5.832212994626283 25.451880801172447
5.837093307278945 25.451880801172447
5.841973619931608 25.500732779677577
5.84685393258427 25.500732779677577
5.8517342452369325 25.549584758182707
5.8566145578895945 25.549584758182707
5.861494870542257 25.598436736687834
5.866375183194919 25.598436736687834
5.871255495847582 25.647288715192964
5.876135808500244 25.647288715192964
5.881016121152907 25.696140693698094
5.885896433805569 25.696140693698094
5.890776746458232 25.744992672203225
5.895657059110894 25.696140693698094
5.900537371763557 25.696140693698094
5.905417684416219 25.744992672203225
5.910297997068882 25.744992672203225
5.915178309721544 25.79384465070835
5.920058622374206 25.79384465070835
5.924938935026868 25.84269662921348
5.929819247679531 25.84269662921348
5.934699560332193 25.89154860771861
5.939579872984856 25.89154860771861
5.944460185637518 25.940400586223742
5.949340498290181 25.940400586223742
5.954220810942843 25.989252564728872
5.959101123595506 25.989252564728872
5.963981436248168 25.989252564728872
5.968861748900831 26.038104543234
5.9737420615534935 26.038104543234
5.9786223742061555 26.08695652173913
5.983502686858818 26.08695652173913
5.98838299951148 26.13580850024426
5.993263312164143 26.13580850024426
5.998143624816805 26.18466047874939
6.003023937469468 26.18466047874939
6.00790425012213 26.233512457254516
6.012784562774793 26.233512457254516
6.017664875427455 26.282364435759646
6.022545188080118 26.282364435759646
6.02742550073278 26.282364435759646
6.032305813385443 26.331216414264777
6.037186126038105 26.331216414264777
6.042066438690767 26.380068392769907
6.046946751343429 26.380068392769907
6.051827063996092 26.428920371275037
6.056707376648754 26.428920371275037
6.061587689301417 26.477772349780164
6.066468001954079 26.477772349780164
6.071348314606742 26.526624328285294
6.076228627259404 26.526624328285294
6.081108939912067 26.575476306790424
6.085989252564729 26.575476306790424
6.090869565217392 26.575476306790424
6.095749877870054 26.624328285295555
6.1006301905227165 26.624328285295555
6.1055105031753785 26.67318026380068
6.110390815828041 26.67318026380068
6.115271128480703 26.72203224230581
6.120151441133366 26.72203224230581
6.125031753786028 26.77088422081094
6.129912066438691 26.77088422081094
6.134792379091353 26.819736199316072
6.139672691744016 26.819736199316072
6.144553004396678 26.819736199316072
6.149433317049341 26.819736199316072
6.154313629702003 26.819736199316072
6.1591939423546656 26.8685881778212
6.164074255007328 26.8685881778212
6.16895456765999 26.91744015632633
6.173834880312653 26.91744015632633
6.178715192965315 26.96629213483146
6.183595505617978 26.96629213483146
6.18847581827064 27.01514411333659
6.193356130923303 27.01514411333659
6.198236443575965 27.063996091841716
6.203116756228628 27.063996091841716
6.20799706888129 27.112848070346846
6.212877381533953 27.112848070346846
6.217757694186615 27.112848070346846
6.2226380068392775 27.161700048851976
6.2275183194919395 27.161700048851976
6.232398632144602 27.210552027357107
6.237278944797264 27.210552027357107
6.242159257449927 27.259404005862237
6.247039570102589 27.259404005862237
6.251919882755252 27.308255984367364
6.256800195407914 27.308255984367364
6.261680508060577 27.357107962872494
6.266560820713239 27.357107962872494
6.271441133365902 27.405959941377624
6.276321446018564 27.405959941377624
6.2812017586712265 27.405959941377624
6.2860820713238885 27.454811919882754
6.290962383976551 27.454811919882754
6.295842696629213 27.50366389838788
6.300723009281876 27.50366389838788
6.305603321934538 27.55251587689301
6.310483634587201 27.55251587689301
6.315363947239863 27.60136785539814
6.320244259892526 27.60136785539814
6.325124572545188 27.65021983390327
6.330004885197851 27.65021983390327
6.334885197850513 27.699071812408402
6.339765510503176 27.699071812408402
6.344645823155838 27.699071812408402
6.3495261358085004 27.74792379091353
6.354406448461163 27.74792379091353
6.359286761113825 27.79677576941866
6.364167073766488 27.79677576941866
6.36904738641915 27.84562774792379
6.373927699071813 27.84562774792379
6.378808011724475 27.89447972642892
6.383688324377138 27.89447972642892
6.3885686370298 27.894479726428923
6.393448949682463 27.894479726428923
6.398329262335125 27.94333170493405
6.4032095749877875 27.94333170493405
6.4080898876404495 27.94333170493405
6.412970200293112 27.99218368343918
6.417850512945774 27.99218368343918
6.422730825598437 28.04103566194431
6.427611138251099 28.04103566194431
6.432491450903762 28.08988764044944
6.437371763556424 28.08988764044944
6.442252076209087 28.138739618954567
6.447132388861749 28.138739618954567
6.452012701514412 28.187591597459697
6.456893014167074 28.187591597459697
6.461773326819737 28.236443575964827
6.466653639472399 28.236443575964827
6.471533952125061 28.236443575964827
6.476414264777723 28.285295554469958
6.481294577430386 28.285295554469958
6.486174890083048 28.334147532975088
6.491055202735711 28.334147532975088
6.495935515388373 28.382999511480214
6.500815828041036 28.382999511480214
6.505696140693698 28.431851489985345
6.510576453346361 28.431851489985345
6.515456765999023 28.480703468490475
6.520337078651686 28.480703468490475
6.525217391304348 28.529555446995605
6.5300977039570105 28.529555446995605
6.5349780166096725 28.529555446995605
6.539858329262335 28.578407425500732
6.544738641914997 28.578407425500732
6.54961895456766 28.627259404005862
6.554499267220323 28.627259404005862
6.559379579872985 28.676111382510992
6.564259892525648 28.676111382510992
6.56914020517831 28.724963361016123
6.574020517830973 28.724963361016123
6.578900830483635 28.773815339521253
6.583781143136298 28.773815339521253
6.58866145578896 28.82266731802638
6.593541768441622 28.82266731802638
6.598422081094284 28.82266731802638
6.603302393746947 28.87151929653151
6.608182706399609 28.87151929653151
6.613063019052272 28.92037127503664
6.617943331704934 28.92037127503664
6.622823644357597 28.96922325354177
6.627703957010259 28.96922325354177
6.632584269662922 28.96922325354177
6.637464582315584 28.96922325354177
6.642344894968247 29.018075232046897
6.647225207620909 29.018075232046897
6.6521055202735715 29.066927210552027
6.6569858329262335 29.066927210552027
6.661866145578896 29.066927210552027
6.666746458231558 29.115779189057157
6.671626770884221 29.115779189057157
6.676507083536883 29.164631167562288
6.681387396189546 29.164631167562288
6.686267708842208 29.213483146067414
6.691148021494871 29.213483146067414
6.696028334147533 29.262335124572544
6.700908646800196 29.262335124572544
6.705788959452858 29.311187103077675
6.7106692721055206 29.311187103077675
6.7155495847581825 29.360039081582805
6.720429897410845 29.360039081582805
6.725310210063507 29.360039081582805
6.73019052271617 29.408891060087935
6.735070835368832 29.408891060087935
6.739951148021495 29.457743038593062
6.744831460674158 29.457743038593062
6.74971177332682 29.506595017098192
6.754592085979483 29.506595017098192
6.759472398632145 29.555446995603322
6.764352711284808 29.555446995603322
6.76923302393747 29.604298974108453
6.7741133365901325 29.604298974108453
6.7789936492427945 29.65315095261358
6.783873961895457 29.65315095261358
6.788754274548119 29.65315095261358
6.793634587200782 29.70200293111871
6.798514899853444 29.70200293111871
6.803395212506107 29.75085490962384
6.808275525158769 29.75085490962384
6.813155837811432 29.79970688812897
6.818036150464094 29.79970688812897
6.822916463116757 29.8485588666341
6.827796775769419 29.8485588666341
6.8326770884220815 29.897410845139227
6.8375574010747435 29.897410845139227
6.842437713727406 29.946262823644357
6.847318026380068 29.946262823644357
6.852198339032731 29.946262823644357
6.857078651685393 29.995114802149487
6.861958964338056 29.995114802149487
6.866839276990718 30.043966780654618
6.871719589643381 30.043966780654618
6.876599902296043 30.043966780654614
6.881480214948706 30.043966780654614
6.886360527601368 30.092818759159744
6.891240840254031 30.092818759159744
6.896121152906693 30.141670737664874
6.9010014655593555 30.141670737664874
6.905881778212017 30.190522716170005
6.91076209086468 30.190522716170005
6.915642403517342 30.190522716170005
6.920522716170005 30.239374694675135
6.925403028822667 30.239374694675135
6.93028334147533 30.28822667318026
6.935163654127993 30.28822667318026
6.940043966780655 30.337078651685392
6.944924279433318 30.337078651685392
6.94980459208598 30.385930630190522
6.9546849047386425 30.385930630190522
6.9595652173913045 30.434782608695652
6.964445530043967 30.434782608695652
6.969325842696629 30.48363458720078
6.974206155349292 30.48363458720078
6.979086468001954 30.48363458720078
6.983966780654617 30.532486565705913
6.988847093307279 30.532486565705913
6.993727405959942 30.58133854421104
6.998607718612604 30.58133854421104
7.003488031265267 30.630190522716166
7.008368343917929 30.630190522716166
7.013248656570592 30.6790425012213
7.018128969223254 30.6790425012213
7.023009281875916 30.727894479726427
7.027889594528578 30.727894479726427
7.032769907181241 30.77674645823156
7.037650219833903 30.77674645823156
7.042530532486566 30.77674645823156
7.047410845139228 30.825598436736687
7.052291157791891 30.825598436736687
7.057171470444553 30.874450415241814
7.062051783097216 30.874450415241814
7.066932095749878 30.923302393746948
7.071812408402541 30.923302393746948
7.076692721055203 30.972154372252074
7.0815730337078655 30.972154372252074
7.0864533463605275 31.021006350757208
7.09133365901319 31.021006350757208
7.096213971665852 31.069858329262335
7.101094284318515 31.069858329262335
7.105974596971177 31.069858329262335
7.11085490962384 31.11871030776746
7.115735222276502 31.11871030776746
7.120615534929165 31.118710307767465
7.125495847581828 31.118710307767465
7.13037616023449 31.16756228627259
7.135256472887153 31.16756228627259
7.140136785539815 31.21641426477772
7.145017098192477 31.21641426477772
7.149897410845139 31.265266243282852
7.154777723497802 31.265266243282852
7.159658036150464 31.31411822178798
7.164538348803127 31.31411822178798
7.169418661455789 31.31411822178798
7.174298974108452 31.362970200293113
7.179179286761114 31.362970200293113
7.184059599413777 31.41182217879824
7.188939912066439 31.41182217879824
7.193820224719102 31.460674157303366
7.198700537371764 31.460674157303366
7.2035808500244265 31.5095261358085
7.2084611626770885 31.5095261358085
7.213341475329751 31.558378114313626
7.218221787982413 31.558378114313626
7.223102100635076 31.60723009281876
7.227982413287738 31.60723009281876
7.232862725940401 31.60723009281876
7.237743038593063 31.656082071323887
7.242623351245726 31.656082071323887
7.247503663898388 31.704934049829014
7.252383976551051 31.704934049829014
7.257264289203713 31.753786028334147
7.262144601856376 31.753786028334147
7.2670249145090375 31.802638006839274
7.2719052271617 31.802638006839274
7.276785539814362 31.851489985344408
7.281665852467025 31.851489985344408
7.286546165119687 31.900341963849534
7.29142647777235 31.900341963849534
7.296306790425012 31.900341963849534
7.301187103077675 31.94919394235466
7.306067415730337 31.94919394235466
7.310947728383 31.998045920859795
7.315828041035663 31.998045920859795
7.320708353688325 32.04689789936492
7.3255886663409875 32.04689789936492
7.3304689789936495 32.095749877870055
7.335349291646312 32.095749877870055
7.340229604298974 32.14460185637518
7.345109916951637 32.14460185637518
7.349990229604299 32.19345383488031
7.354870542256962 32.19345383488031
7.359750854909624 32.19345383488031
7.364631167562287 32.193453834880316
7.369511480214949 32.193453834880316
7.374391792867612 32.24230581338544
7.379272105520274 32.24230581338544
7.3841524181729365 32.29115779189057
7.3890327308255985 32.29115779189057
7.393913043478261 32.3400097703957
7.398793356130923 32.3400097703957
7.403673668783586 32.38886174890083
7.408553981436248 32.38886174890083
7.413434294088911 32.43771372740596
7.418314606741573 32.43771372740596
7.423194919394236 32.43771372740596
7.428075232046898 32.48656570591109
7.432955544699561 32.48656570591109
7.437835857352223 32.53541768441622
7.442716170004886 32.53541768441622
7.447596482657548 32.58426966292135
7.4524767953102105 32.58426966292135
7.457357107962872 32.63312164142648
7.462237420615535 32.63312164142648
7.467117733268197 32.68197361993161
7.47199804592086 32.68197361993161
7.476878358573522 32.73082559843674
7.481758671226185 32.73082559843674
7.486638983878847 32.73082559843674
7.49151929653151 32.779677576941864
7.496399609184172 32.779677576941864
7.501279921836835 32.828529555447
7.5061602344894975 32.828529555447
7.5110405471421595 32.877381533952125
7.515920859794822 32.877381533952125
7.520801172447484 32.92623351245726
7.525681485100147 32.92623351245726
7.530561797752809 32.975085490962385
7.535442110405472 32.975085490962385
7.540322423058134 33.02393746946751
7.545202735710797 33.02393746946751
7.550083048363459 33.02393746946751
7.554963361016122 33.072789447972646
7.559843673668784 33.072789447972646
7.564723986321447 33.12164142647777
7.569604298974109 33.12164142647777
7.5744846116267714 33.170493404982906
7.579364924279433 33.170493404982906
7.584245236932096 33.21934538348803
7.589125549584758 33.21934538348803
7.594005862237421 33.26819736199316
7.598886174890083 33.26819736199316
7.603766487542746 33.26819736199316
7.608646800195408 33.26819736199316
7.613527112848071 33.26819736199316
7.618407425500733 33.317049340498286
7.623287738153396 33.317049340498286
7.628168050806058 33.36590131900341
7.6330483634587205 33.36590131900341
7.6379286761113825 33.41475329750855
7.642808988764045 33.41475329750855
7.647689301416707 33.46360527601367
7.65256961406937 33.46360527601367
7.657449926722032 33.51245725451881
7.662330239374695 33.51245725451881
7.667210552027357 33.561309233023934
7.67209086468002 33.561309233023934
7.676971177332682 33.561309233023934
7.681851489985345 33.61016121152906
7.686731802638007 33.61016121152906
7.69161211529067 33.659013190034194
7.6964924279433315 33.659013190034194
7.701372740595994 33.70786516853932
7.706253053248657 33.70786516853932
7.711133365901319 33.756717147044455
7.716013678553982 33.756717147044455
7.720893991206644 33.80556912554958
7.725774303859307 33.80556912554958
7.730654616511969 33.85442110405471
7.735534929164632 33.85442110405471
7.740415241817294 33.85442110405471
7.745295554469957 33.90327308255984
7.750175867122619 33.90327308255984
7.7550561797752815 33.95212506106497
7.7599364924279435 33.95212506106497
7.764816805080606 34.0009770395701
7.769697117733268 34.0009770395701
7.774577430385931 34.04982901807523
7.779457743038593 34.04982901807523
7.784338055691256 34.098680996580356
7.789218368343918 34.098680996580356
7.794098680996581 34.14753297508549
7.798978993649243 34.14753297508549
7.803859306301906 34.14753297508549
7.808739618954568 34.196384953590616
7.813619931607231 34.196384953590616
7.8185002442598925 34.24523693209575
7.823380556912555 34.24523693209575
7.828260869565217 34.29408891060088
7.83314118221788 34.29408891060088
7.838021494870542 34.342940889106
7.842901807523205 34.29408891060088
7.847782120175867 34.34294088910601
7.85266243282853 34.34294088910601
7.857542745481192 34.39179286761114
7.862423058133855 34.39179286761114
7.867303370786517 34.39179286761114
7.87218368343918 34.440644846116264
7.877063996091842 34.440644846116264
7.8819443087445045 34.4894968246214
7.8868246213971664 34.4894968246214
7.891704934049829 34.538348803126524
7.896585246702492 34.538348803126524
7.901465559355154 34.58720078163166
7.906345872007817 34.58720078163166
7.911226184660479 34.636052760136785
7.916106497313142 34.636052760136785
7.920986809965804 34.68490473864191
7.925867122618467 34.68490473864191
7.930747435271129 34.68490473864191
7.9356277479237916 34.733756717147045
7.9405080605764535 34.733756717147045
7.945388373229116 34.78260869565217
7.950268685881778 34.78260869565217
7.955148998534441 34.831460674157306
7.960029311187103 34.831460674157306
7.964909623839766 34.88031265266243
7.969789936492428 34.88031265266243
7.974670249145091 34.92916463116756
7.979550561797753 34.92916463116756
7.984430874450416 34.97801660967269
7.989311187103078 34.97801660967269
7.994191499755741 34.97801660967269
7.999071812408403 35.02686858817782
8.003952125061065 35.02686858817782
8.008832437713728 35.07572056668295
8.01371275036639 35.07572056668295
8.018593063019052 35.12457254518808
8.023473375671715 35.12457254518808
8.028353688324378 35.17342452369321
8.033234000977039 35.17342452369321
8.038114313629702 35.22227650219834
8.042994626282365 35.22227650219834
8.047874938935028 35.22227650219834
8.052755251587689 35.27112848070347
8.057635564240352 35.27112848070347
8.062515876893015 35.319980459208594
8.067396189545677 35.319980459208594
8.072276502198338 35.36883243771373
8.077156814851001 35.36883243771373
8.082037127503664 35.36883243771373
8.086917440156327 35.36883243771373
8.09179775280899 35.41768441621886
8.096678065461651 35.41768441621886
8.101558378114314 35.46653639472399
8.106438690766977 35.46653639472399
8.11131900341964 35.46653639472399
8.1161993160723 35.515388373229115
8.121079628724964 35.515388373229115
8.125959941377626 35.56424035173425
8.13084025403029 35.56424035173425
8.13572056668295 35.613092330239375
8.140600879335613 35.613092330239375
8.145481191988276 35.66194430874451
8.150361504640939 35.66194430874451
8.1552418172936 35.710796287249636
8.160122129946263 35.710796287249636
8.165002442598926 35.75964826575476
8.169882755251589 35.75964826575476
8.17476306790425 35.75964826575476
8.179643380556913 35.808500244259896
8.184523693209576 35.808500244259896
8.189404005862238 35.85735222276502
8.1942843185149 35.85735222276502
8.199164631167562 35.90620420127016
8.204044943820225 35.90620420127016
8.208925256472888 35.95505617977528
8.21380556912555 35.95505617977528
8.218685881778212 36.00390815828041
8.223566194430875 36.00390815828041
8.228446507083538 36.052760136785544
8.233326819736199 36.052760136785544
8.238207132388862 36.052760136785544
8.243087445041525 36.10161211529067
8.247967757694187 36.10161211529067
8.252848070346849 36.150464093795804
8.257728382999511 36.150464093795804
8.262608695652174 36.19931607230093
8.267489008304837 36.19931607230093
8.272369320957498 36.24816805080606
8.277249633610161 36.24816805080606
8.282129946262824 36.29702002931119
8.287010258915487 36.29702002931119
8.29189057156815 36.34587200781632
8.29677088422081 36.34587200781632
8.301651196873474 36.34587200781632
8.306531509526137 36.394723986321445
8.3114118221788 36.394723986321445
8.31629213483146 36.44357596482658
8.321172447484123 36.44357596482658
8.326052760136786 36.44357596482657
8.330933072789449 36.44357596482657
8.33581338544211 36.492427943331705
8.340693698094773 36.492427943331705
8.345574010747436 36.54127992183683
8.350454323400099 36.54127992183683
8.35533463605276 36.59013190034196
8.360214948705423 36.59013190034196
8.365095261358086 36.59013190034196
8.369975574010748 36.63898387884709
8.37485588666341 36.63898387884709
8.379736199316072 36.68783585735222
8.384616511968735 36.68783585735222
8.389496824621398 36.73668783585735
8.39437713727406 36.73668783585735
8.399257449926722 36.78553981436248
8.404137762579385 36.78553981436248
8.409018075232048 36.834391792867606
8.413898387884709 36.834391792867606
8.418778700537372 36.88324377137274
8.423659013190035 36.88324377137274
8.428539325842697 36.88324377137274
8.433419638495359 36.93209574987787
8.438299951148021 36.93209574987787
8.443180263800684 36.980947728383
8.448060576453347 36.980947728383
8.452940889106008 37.02979970688813
8.457821201758671 37.02979970688813
8.462701514411334 37.078651685393254
8.467581827063997 37.078651685393254
8.47246213971666 37.12750366389839
8.47734245236932 37.12750366389839
8.482222765021984 37.176355642403514
8.487103077674647 37.176355642403514
8.49198339032731 37.176355642403514
8.49686370297997 37.22520762090864
8.501744015632633 37.22520762090864
8.506624328285296 37.274059599413775
8.511504640937959 37.274059599413775
8.51638495359062 37.3229115779189
8.521265266243283 37.3229115779189
8.526145578895946 37.371763556424035
8.531025891548609 37.371763556424035
8.53590620420127 37.42061553492916
8.540786516853933 37.42061553492916
8.545666829506596 37.46946751343429
8.550547142159258 37.46946751343429
8.55542745481192 37.46946751343429
8.560307767464582 37.51831949193942
8.565188080117245 37.469467513434296
8.570068392769908 37.51831949193942
8.57494870542257 37.51831949193942
8.579829018075232 37.567171470444556
8.584709330727895 37.567171470444556
8.589589643380558 37.61602344894968
8.594469956033219 37.61602344894968
8.599350268685882 37.66487542745481
8.604230581338545 37.66487542745481
8.609110893991208 37.71372740595994
8.613991206643869 37.71372740595994
8.618871519296532 37.71372740595994
8.623751831949194 37.76257938446507
8.628632144601857 37.76257938446507
8.633512457254518 37.811431362970204
8.638392769907181 37.811431362970204
8.643273082559844 37.86028334147533
8.648153395212507 37.86028334147533
8.653033707865168 37.90913531998046
8.65791402051783 37.90913531998046
8.662794333170494 37.95798729848559
8.667674645823157 37.95798729848559
8.67255495847582 38.00683927699072
8.67743527112848 38.00683927699072
8.682315583781143 38.00683927699072
8.687195896433806 38.05569125549585
8.69207620908647 38.05569125549585
8.69695652173913 38.10454323400098
8.701836834391793 38.10454323400098
8.706717147044456 38.153395212506105
8.711597459697119 38.153395212506105
8.71647777234978 38.20224719101124
8.721358085002443 38.20224719101124
8.726238397655106 38.251099169516365
8.731118710307769 38.251099169516365
8.73599902296043 38.251099169516365
8.740879335613092 38.29995114802149
8.745759648265755 38.29995114802149
8.750639960918418 38.348803126526626
8.75552027357108 38.348803126526626
8.760400586223742 38.39765510503175
8.765280898876405 38.39765510503175
8.770161211529068 38.446507083536886
8.775041524181729 38.446507083536886
8.779921836834392 38.49535906204201
8.784802149487055 38.49535906204201
8.789682462139718 38.54421104054714
8.794562774792379 38.54421104054714
8.799443087445042 38.495359062042006
8.804323400097704 38.54421104054714
8.809203712750367 38.54421104054714
8.814084025403028 38.593063019052266
8.818964338055691 38.593063019052266
8.823844650708354 38.6419149975574
8.828724963361017 38.6419149975574
8.833605276013678 38.69076697606253
8.838485588666341 38.69076697606253
8.843365901319004 38.73961895456765
8.848246213971667 38.73961895456765
8.85312652662433 38.78847093307279
8.85800683927699 38.78847093307279
8.862887151929653 38.78847093307279
8.867767464582316 38.837322911577914
8.87264777723498 38.837322911577914
8.87752808988764 38.88617489008305
8.882408402540303 38.88617489008305
8.887288715192966 38.935026868588174
8.892169027845629 38.935026868588174
8.89704934049829 38.9838788470933
8.901929653150953 38.9838788470933
8.906809965803616 39.032730825598435
8.911690278456279 39.032730825598435
8.91657059110894 39.08158280410356
8.921450903761603 39.08158280410356
8.926331216414265 39.08158280410356
8.931211529066928 39.130434782608695
8.93609184171959 39.130434782608695
8.940972154372252 39.17928676111382
8.945852467024915 39.17928676111382
8.950732779677578 39.22813873961895
8.955613092330239 39.22813873961895
8.960493404982902 39.27699071812408
8.965373717635565 39.27699071812408
8.970254030288228 39.32584269662921
8.975134342940889 39.32584269662921
8.980014655593552 39.374694675134336
8.984894968246214 39.374694675134336
8.989775280898877 39.374694675134336
8.994655593551538 39.42354665363947
8.999535906204201 39.42354665363947
9.004416218856864 39.472398632144596
9.009296531509527 39.472398632144596
9.014176844162188 39.52125061064973
9.019057156814851 39.52125061064973
9.023937469467514 39.57010258915486
9.028817782120177 39.57010258915486
9.033698094772838 39.61895456765998
9.0385784074255 39.57010258915486
9.043458720078164 39.61895456765999
9.048339032730826 39.61895456765999
9.05321934538349 39.61895456765999
9.05809965803615 39.66780654616512
9.062979970688813 39.66780654616512
9.067860283341476 39.71665852467025
9.072740595994139 39.71665852467025
9.0776209086468 39.76551050317538
9.082501221299463 39.76551050317538
9.087381533952126 39.814362481680504
9.092261846604789 39.814362481680504
9.09714215925745 39.86321446018564
9.102022471910113 39.86321446018564
9.106902784562775 39.912066438690765
9.111783097215438 39.912066438690765
9.1166634098681 39.912066438690765
9.121543722520762 39.9609184171959
9.126424035173425 39.9609184171959
9.131304347826088 40.009770395701025
9.136184660478749 40.009770395701025
9.141064973131412 40.05862237420615
9.145945285784075 40.05862237420615
9.150825598436738 40.107474352711286
9.155705911089399 40.107474352711286
9.160586223742062 40.15632633121641
9.165466536394725 40.15632633121641
9.170346849047387 40.205178309721546
9.175227161700048 40.205178309721546
9.180107474352711 40.205178309721546
9.184987787005374 40.25403028822667
9.189868099658037 40.25403028822667
9.194748412310698 40.3028822667318
9.199628724963361 40.3028822667318
9.204509037616024 40.35173424523693
9.209389350268687 40.35173424523693
9.214269662921348 40.40058622374206
9.21914997557401 40.40058622374206
9.224030288226674 40.44943820224719
9.228910600879336 40.44943820224719
9.233790913531998 40.49829018075232
9.23867122618466 40.49829018075232
9.243551538837323 40.49829018075232
9.248431851489986 40.54714215925745
9.253312164142649 40.54714215925745
9.25819247679531 40.59599413776258
9.263072789447973 40.59599413776258
9.267953102100636 40.64484611626771
9.272833414753299 40.64484611626771
9.27771372740596 40.64484611626771
9.282594040058623 40.64484611626771
9.287474352711286 40.69369809477284
9.292354665363948 40.69369809477284
9.29723497801661 40.69369809477284
9.302115290669272 40.74255007327797
9.306995603321935 40.74255007327797
9.311875915974598 40.7914020517831
9.31675622862726 40.7914020517831
9.321636541279922 40.84025403028823
9.326516853932585 40.84025403028823
9.331397166585248 40.889106008793355
9.336277479237909 40.889106008793355
9.341157791890572 40.93795798729849
9.346038104543235 40.93795798729849
9.350918417195897 40.986809965803616
9.355798729848559 40.986809965803616
9.360679042501221 40.986809965803616
9.365559355153884 41.03566194430875
9.370439667806547 41.03566194430875
9.375319980459208 41.084513922813876
9.380200293111871 41.084513922813876
9.385080605764534 41.133365901319
9.389960918417197 41.133365901319
9.394841231069858 41.18221787982414
9.39972154372252 41.18221787982414
9.404601856375184 41.23106985832926
9.409482169027847 41.23106985832926
9.414362481680508 41.27992183683439
9.41924279433317 41.27992183683439
9.424123106985833 41.27992183683439
9.429003419638496 41.328773815339524
9.433883732291159 41.328773815339524
9.43876404494382 41.37762579384465
9.443644357596483 41.37762579384465
9.448524670249146 41.426477772349784
9.453404982901809 41.426477772349784
9.45828529555447 41.47532975085491
9.463165608207133 41.47532975085491
9.468045920859796 41.52418172936004
9.472926233512458 41.52418172936004
9.47780654616512 41.57303370786517
9.482686858817782 41.57303370786517
9.487567171470445 41.57303370786517
9.492447484123108 41.6218856863703
9.49732779677577 41.6218856863703
9.502208109428432 41.67073766487543
9.507088422081095 41.67073766487543
9.511968734733758 41.71958964338056
9.516849047386419 41.670737664875425
9.521729360039082 41.71958964338055
9.526609672691745 41.71958964338055
9.531489985344408 41.768441621885685
9.536370297997069 41.768441621885685
9.541250610649731 41.81729360039081
9.546130923302394 41.81729360039081
9.551011235955057 41.81729360039081
9.555891548607718 41.866145578895946
9.560771861260381 41.866145578895946
9.565652173913044 41.91499755740107
9.570532486565707 41.91499755740107
9.575412799218368 41.9638495359062
9.58029311187103 41.9638495359062
9.585173424523694 42.01270151441133
9.590053737176357 42.01270151441133
9.594934049829018 42.06155349291646
9.59981436248168 42.06155349291646
9.604694675134343 42.11040547142159
9.609574987787006 42.11040547142159
9.614455300439667 42.11040547142159
9.61933561309233 42.15925744992672
9.624215925744993 42.15925744992672
9.629096238397656 42.20810942843185
9.633976551050319 42.20810942843185
9.63885686370298 42.25696140693698
9.643737176355643 42.25696140693698
9.648617489008306 42.30581338544211
9.653497801660968 42.30581338544211
9.65837811431363 42.354665363947234
9.663258426966292 42.354665363947234
9.668138739618955 42.40351734245237
9.673019052271618 42.40351734245237
9.67789936492428 42.40351734245237
9.682779677576942 42.452369320957494
9.687659990229605 42.452369320957494
9.692540302882268 42.50122129946263
9.697420615534929 42.50122129946263
9.702300928187592 42.550073277967755
9.707181240840255 42.550073277967755
9.712061553492918 42.59892525647288
9.716941866145579 42.59892525647288
9.721822178798242 42.647777234978015
9.726702491450904 42.647777234978015
9.731582804103567 42.69662921348314
9.736463116756228 42.69662921348314
9.741343429408891 42.69662921348314
9.746223742061554 42.745481191988276
9.751104054714217 42.69662921348315
9.755984367366878 42.745481191988276
9.76086468001954 42.745481191988276
9.765744992672204 42.7943331704934
9.770625305324867 42.7943331704934
9.775505617977528 42.843185148998536
9.78038593063019 42.843185148998536
9.785266243282853 42.89203712750366
9.790146555935516 42.89203712750366
9.795026868588177 42.89203712750366
9.79990718124084 42.9408891060088
9.804787493893503 42.9408891060088
9.809667806546166 42.98974108451392
9.814548119198829 42.98974108451392
9.81942843185149 43.03859306301905
9.824308744504153 43.03859306301905
9.829189057156816 43.087445041524184
9.834069369809479 43.087445041524184
9.83894968246214 43.13629702002931
9.843829995114803 43.13629702002931
9.848710307767465 43.18514899853444
9.853590620420128 43.18514899853444
9.85847093307279 43.18514899853444
9.863351245725452 43.23400097703957
9.868231558378115 43.23400097703957
9.873111871030778 43.2828529555447
9.877992183683439 43.2828529555447
9.882872496336102 43.33170493404983
9.887752808988765 43.33170493404983
9.892633121641428 43.38055691255496
9.897513434294089 43.38055691255496
9.902393746946752 43.429408891060085
9.907274059599414 43.429408891060085
9.912154372252077 43.47826086956522
9.917034684904738 43.47826086956522
9.921914997557401 43.47826086956522
9.926795310210064 43.527112848070345
9.931675622862727 43.527112848070345
9.936555935515388 43.57596482657548
9.941436248168051 43.57596482657548
9.946316560820714 43.624816805080606
9.951196873473377 43.624816805080606
9.956077186126038 43.67366878358573
9.9609574987787 43.67366878358573
9.965837811431363 43.722520762090866
9.970718124084026 43.722520762090866
9.975598436736687 43.77137274059599
9.98047874938935 43.77137274059599
9.985359062042013 43.77137274059599
9.990239374694676 43.77137274059599
9.995119687347337 43.77137274059599
10.0 43.82022471910112
