0.01 3.1753786028334146
0.010483634587200781 3.1753786028334146
0.010967269174401564 3.1753786028334146
0.011450903761602346 3.1753786028334146
0.011934538348803127 3.1753786028334146
0.012418172936003908 3.1753786028334146
0.01290180752320469 3.1753786028334146
0.013385442110405472 3.1753786028334146
0.013869076697606253 3.1753786028334146
0.014352711284807034 3.1753786028334146
0.014836345872007817 3.1753786028334146
0.015319980459208599 3.1753786028334146
0.01580361504640938 3.1753786028334146
0.01628724963361016 3.1753786028334146
0.016770884220810942 3.1753786028334146
0.017254518808011723 3.1753786028334146
0.017738153395212508 3.1753786028334146
0.018221787982413286 3.1753786028334146
0.01870542256961407 3.1753786028334146
0.01918905715681485 3.1753786028334146
0.019672691744015633 3.1753786028334146
0.020156326331216414 3.1753786028334146
0.020639960918417195 3.1753786028334146
0.02112359550561798 3.1753786028334146
0.021607230092818758 3.1753786028334146
0.022090864680019542 3.1753786028334146
0.02257449926722032 3.1753786028334146
0.023058133854421105 3.1753786028334146
0.023541768441621886 3.1753786028334146
0.024025403028822667 3.1753786028334146
0.024509037616023452 3.1753786028334146
0.02499267220322423 3.1753786028334146
0.025476306790425014 3.1753786028334146
0.025959941377625792 3.1753786028334146
0.026443575964826577 3.1753786028334146
0.026927210552027354 3.1753786028334146
0.02741084513922814 3.1753786028334146
0.027894479726428924 3.1753786028334146
0.0283781143136297 3.1753786028334146
0.028861748900830486 3.1753786028334146
0.029345383488031264 3.1753786028334146
0.02982901807523205 3.1753786028334146
0.030312652662432826 3.1753786028334146
0.03079628724963361 3.1753786028334146
0.031279921836834396 3.1753786028334146
0.03176355642403517 3.1753786028334146
0.03224719101123596 3.1753786028334146
0.032730825598436736 3.1753786028334146
0.03321446018563752 3.1753786028334146
0.0336980947728383 3.1753786028334146
0.03418172936003908 3.1753786028334146
0.03466536394723986 3.1753786028334146
0.035148998534440645 3.1753786028334146
0.03563263312164143 3.1753786028334146
0.03611626770884221 3.1753786028334146
0.03659990229604299 3.1753786028334146
0.03708353688324377 3.1753786028334146
0.037567171470444555 3.1753786028334146
0.03805080605764533 3.1753786028334146
0.03853444064484612 3.1753786028334146
0.0390180752320469 3.1753786028334146
0.03950170981924768 3.1753786028334146
0.039985344406448464 3.1753786028334146
0.04046897899364924 3.1753786028334146
0.04095261358085003 3.1753786028334146
0.04143624816805081 3.1753786028334146
0.04191988275525159 3.1753786028334146
0.042403517342452374 3.1753786028334146
0.04288715192965315 3.1753786028334146
0.043370786516853936 3.1753786028334146
0.043854421104054714 3.1753786028334146
0.0443380556912555 3.1753786028334146
0.044821690278456276 3.1753786028334146
0.04530532486565706 3.1753786028334146
0.045788959452857846 3.1753786028334146
0.04627259404005862 3.1753786028334146
0.04675622862725941 3.1753786028334146
0.047239863214460186 3.1753786028334146
0.04772349780166097 3.1753786028334146
0.04820713238886175 3.1753786028334146
0.04869076697606253 3.1753786028334146
0.04917440156326332 3.1753786028334146
0.049658036150464095 3.1753786028334146
0.05014167073766488 3.1753786028334146
0.05062530532486566 3.1753786028334146
0.05110893991206644 3.1753786028334146
0.05159257449926722 3.1753786028334146
0.052076209086468005 3.1753786028334146
0.05255984367366879 3.1753786028334146
0.05304347826086957 3.1753786028334146
0.05352711284807035 3.1753786028334146
0.05401074743527113 3.1753786028334146
0.054494382022471914 3.1753786028334146
0.05497801660967269 3.1753786028334146
0.05546165119687348 3.1753786028334146
0.055945285784074254 3.1753786028334146
0.05642892037127504 3.1753786028334146
0.056912554958475824 3.1753786028334146
0.0573961895456766 3.1753786028334146
0.057879824132877386 3.1753786028334146
0.058363458720078164 3.1753786028334146
0.05884709330727895 3.1753786028334146
0.059330727894479726 3.1753786028334146
0.05981436248168051 3.1753786028334146
0.06029799706888129 3.1753786028334146
0.06078163165608207 3.1753786028334146
0.06126526624328286 3.1753786028334146
0.061748900830483636 3.1753786028334146
0.06223253541768442 3.1753786028334146
0.06271617000488519 3.1753786028334146
0.06319980459208598 3.1753786028334146
0.06368343917928676 3.1753786028334146
0.06416707376648755 3.1753786028334146
0.06465070835368833 3.1753786028334146
0.0651343429408891 3.1753786028334146
0.06561797752808989 3.1753786028334146
0.06610161211529067 3.1753786028334146
0.06658524670249145 3.1753786028334146
0.06706888128969223 3.1753786028334146
0.06755251587689301 3.1753786028334146
0.0680361504640938 3.1753786028334146
0.06851978505129458 3.1753786028334146
0.06900341963849536 3.1753786028334146
0.06948705422569613 3.1753786028334146
0.06997068881289692 3.1753786028334146
0.0704543234000977 3.1753786028334146
0.07093795798729849 3.1753786028334146
0.07142159257449926 3.1753786028334146
0.07190522716170004 3.1753786028334146
0.07238886174890083 3.1753786028334146
0.07287249633610161 3.1753786028334146
0.07335613092330238 3.1753786028334146
0.07383976551050317 3.1753786028334146
0.07432340009770395 3.1753786028334146
0.07480703468490474 3.1753786028334146
0.07529066927210551 3.1753786028334146
0.0757743038593063 3.1753786028334146
0.07625793844650708 3.1753786028334146
0.07674157303370786 3.1753786028334146
0.07722520762090865 3.224230581338544
0.07770884220810942 3.224230581338544
0.0781924767953102 3.224230581338544
0.07867611138251099 3.224230581338544
0.07915974596971177 3.224230581338544
0.07964338055691254 3.224230581338544
0.08012701514411333 3.224230581338544
0.08061064973131411 3.224230581338544
0.0810942843185149 3.224230581338544
0.08157791890571568 3.224230581338544
0.08206155349291645 3.224230581338544
0.08254518808011724 3.224230581338544
0.08302882266731802 3.224230581338544
0.08351245725451881 3.224230581338544
0.08399609184171959 3.224230581338544
0.08447972642892036 3.224230581338544
0.08496336101612115 3.224230581338544
0.08544699560332193 3.224230581338544
0.08593063019052272 3.224230581338544
0.08641426477772349 3.224230581338544
0.08689789936492427 3.224230581338544
0.08738153395212506 3.224230581338544
0.08786516853932584 3.224230581338544
0.08834880312652663 3.224230581338544
0.0888324377137274 3.224230581338544
0.08931607230092818 3.224230581338544
0.08979970688812897 3.224230581338544
0.09028334147532975 3.224230581338544
0.09076697606253052 3.224230581338544
0.0912506106497313 3.224230581338544
0.09173424523693209 3.224230581338544
0.09221787982413288 3.224230581338544
0.09270151441133366 3.224230581338544
0.09318514899853443 3.224230581338544
0.09366878358573522 3.224230581338544
0.094152418172936 3.224230581338544
0.09463605276013679 3.224230581338544
0.09511968734733757 3.224230581338544
0.09560332193453834 3.224230581338544
0.09608695652173913 3.224230581338544
0.09657059110893991 3.224230581338544
0.0970542256961407 3.224230581338544
0.09753786028334147 3.224230581338544
0.09802149487054225 3.224230581338544
0.09850512945774303 3.224230581338544
0.09898876404494382 3.224230581338544
0.0994723986321446 3.224230581338544
0.09995603321934537 3.224230581338544
0.10043966780654616 3.224230581338544
0.10092330239374694 3.224230581338544
0.10140693698094773 3.224230581338544
0.1018905715681485 3.224230581338544
0.10237420615534928 3.224230581338544
0.10285784074255007 3.224230581338544
0.10334147532975085 3.224230581338544
0.10382510991695164 3.224230581338544
0.10430874450415241 3.224230581338544
0.1047923790913532 3.224230581338544
0.10527601367855398 3.224230581338544
0.10575964826575476 3.224230581338544
0.10624328285295553 3.224230581338544
0.10672691744015632 3.224230581338544
0.1072105520273571 3.224230581338544
0.10769418661455789 3.224230581338544
0.10817782120175867 3.224230581338544
0.10866145578895944 3.224230581338544
0.10914509037616023 3.224230581338544
0.10962872496336101 3.224230581338544
0.1101123595505618 3.224230581338544
0.11059599413776257 3.224230581338544
0.11107962872496335 3.224230581338544
0.11156326331216414 3.224230581338544
0.11204689789936492 3.224230581338544
0.11253053248656571 3.224230581338544
0.11301416707376648 3.224230581338544
0.11349780166096726 3.224230581338544
0.11398143624816805 3.224230581338544
0.11446507083536883 3.224230581338544
0.11494870542256962 3.224230581338544
0.11543234000977039 3.224230581338544
0.11591597459697117 3.224230581338544
0.11639960918417196 3.224230581338544
0.11688324377137274 3.224230581338544
0.11736687835857351 3.224230581338544
0.1178505129457743 3.224230581338544
0.11833414753297508 3.224230581338544
0.11881778212017587 3.224230581338544
0.11930141670737665 3.224230581338544
0.11978505129457742 3.224230581338544
0.1202686858817782 3.224230581338544
0.12075232046897899 3.224230581338544
0.12123595505617978 3.224230581338544
0.12171958964338055 3.224230581338544
0.12220322423058133 3.224230581338544
0.12268685881778212 3.224230581338544
0.1231704934049829 3.224230581338544
0.12365412799218369 3.224230581338544
0.12413776257938446 3.224230581338544
0.12462139716658524 3.224230581338544
0.12510503175378604 3.224230581338544
0.1255886663409868 3.224230581338544
0.1260723009281876 3.224230581338544
0.12655593551538838 3.224230581338544
0.12703957010258915 3.224230581338544
0.12752320468978995 3.224230581338544
0.12800683927699072 3.224230581338544
0.1284904738641915 3.224230581338544
0.1289741084513923 3.224230581338544
0.12945774303859306 3.224230581338544
0.12994137762579386 3.224230581338544
0.13042501221299463 3.224230581338544
0.1309086468001954 3.224230581338544
0.1313922813873962 3.224230581338544
0.13187591597459697 3.224230581338544
0.13235955056179777 3.224230581338544
0.13284318514899854 3.224230581338544
0.1333268197361993 3.224230581338544
0.1338104543234001 3.224230581338544
0.13429408891060088 3.224230581338544
0.13477772349780168 3.224230581338544
0.13526135808500245 3.224230581338544
0.13574499267220325 3.224230581338544
0.13622862725940402 3.224230581338544
0.1367122618466048 3.224230581338544
0.1371958964338056 3.224230581338544
0.13767953102100636 3.224230581338544
0.13816316560820716 3.224230581338544
0.13864680019540793 3.224230581338544
0.1391304347826087 3.224230581338544
0.1396140693698095 3.224230581338544
0.14009770395701027 3.224230581338544
0.14058133854421104 3.224230581338544
0.14106497313141184 3.224230581338544
0.1415486077186126 3.224230581338544
0.1420322423058134 3.224230581338544
0.14251587689301418 3.224230581338544
0.14299951148021495 3.224230581338544
0.14348314606741575 3.224230581338544
0.14396678065461652 3.224230581338544
0.14445041524181731 3.224230581338544
0.14493404982901809 3.224230581338544
0.14541768441621886 3.224230581338544
0.14590131900341965 3.224230581338544
0.14638495359062043 3.224230581338544
0.14686858817782122 3.224230581338544
0.147352222765022 3.224230581338544
0.14783585735222277 3.224230581338544
0.14831949193942356 3.224230581338544
0.14880312652662434 3.224230581338544
0.1492867611138251 3.224230581338544
0.1497703957010259 3.224230581338544
0.15025403028822668 3.224230581338544
0.15073766487542747 3.224230581338544
0.15122129946262824 3.224230581338544
0.15170493404982902 3.224230581338544
0.15218856863702981 3.224230581338544
0.15267220322423058 3.224230581338544
0.15315583781143138 3.224230581338544
0.15363947239863215 3.224230581338544
0.15412310698583293 3.224230581338544
0.15460674157303372 3.224230581338544
0.1550903761602345 3.224230581338544
0.1555740107474353 3.224230581338544
0.15605764533463606 3.224230581338544
0.15654127992183683 3.224230581338544
0.15702491450903763 3.224230581338544
0.1575085490962384 3.224230581338544
0.1579921836834392 3.224230581338544
0.15847581827063997 3.224230581338544
0.15895945285784074 3.224230581338544
0.15944308744504154 3.224230581338544
0.1599267220322423 3.224230581338544
0.16041035661944308 3.224230581338544
0.16089399120664388 3.224230581338544
0.16137762579384465 3.224230581338544
0.16186126038104545 3.224230581338544
0.16234489496824622 3.224230581338544
0.162828529555447 3.224230581338544
0.1633121641426478 3.224230581338544
0.16379579872984856 3.224230581338544
0.16427943331704936 3.224230581338544
0.16476306790425013 3.224230581338544
0.1652467024914509 3.224230581338544
0.1657303370786517 3.224230581338544
0.16621397166585247 3.224230581338544
0.16669760625305327 3.224230581338544
0.16718124084025404 3.224230581338544
0.1676648754274548 3.224230581338544
0.1681485100146556 3.224230581338544
0.16863214460185638 3.224230581338544
0.16911577918905718 3.224230581338544
0.16959941377625795 3.224230581338544
0.17008304836345872 3.224230581338544
0.17056668295065952 3.224230581338544
0.1710503175378603 3.224230581338544
0.17153395212506106 3.224230581338544
0.17201758671226186 3.224230581338544
0.17250122129946263 3.224230581338544
0.17298485588666343 3.224230581338544
0.1734684904738642 3.224230581338544
0.17395212506106497 3.224230581338544
0.17443575964826577 3.224230581338544
0.17491939423546654 3.224230581338544
0.17540302882266734 3.224230581338544
0.1758866634098681 3.224230581338544
0.17637029799706888 3.224230581338544
0.17685393258426968 3.224230581338544
0.17733756717147045 3.224230581338544
0.17782120175867125 3.224230581338544
0.17830483634587202 3.224230581338544
0.1787884709330728 3.224230581338544
0.1792721055202736 3.224230581338544
0.17975574010747436 3.224230581338544
0.18023937469467516 3.224230581338544
0.18072300928187593 3.224230581338544
0.1812066438690767 3.224230581338544
0.1816902784562775 3.224230581338544
0.18217391304347827 3.224230581338544
0.18265754763067904 3.224230581338544
0.18314118221787984 3.224230581338544
0.1836248168050806 3.224230581338544
0.1841084513922814 3.224230581338544
0.18459208597948218 3.224230581338544
0.18507572056668295 3.224230581338544
0.18555935515388375 3.224230581338544
0.18604298974108452 3.224230581338544
0.18652662432828532 3.224230581338544
0.1870102589154861 3.224230581338544
0.18749389350268686 3.224230581338544
0.18797752808988766 3.224230581338544
0.18846116267708843 3.224230581338544
0.18894479726428923 3.224230581338544
0.18942843185149 3.224230581338544
0.18991206643869077 3.2730825598436737
0.19039570102589157 3.2730825598436737
0.19087933561309234 3.2730825598436737
0.1913629702002931 3.2730825598436737
0.1918466047874939 3.2730825598436737
0.19233023937469468 3.2730825598436737
0.19281387396189548 3.2730825598436737
0.19329750854909625 3.2730825598436737
0.19378114313629702 3.2730825598436737
0.19426477772349782 3.2730825598436737
0.1947484123106986 3.2730825598436737
0.1952320468978994 3.2730825598436737
0.19571568148510016 3.2730825598436737
0.19619931607230093 3.2730825598436737
0.19668295065950173 3.2730825598436737
0.1971665852467025 3.2730825598436737
0.1976502198339033 3.2730825598436737
0.19813385442110407 3.2730825598436737
0.19861748900830484 3.2730825598436737
0.19910112359550564 3.2730825598436737
0.1995847581827064 3.2730825598436737
0.2000683927699072 3.2730825598436737
0.20055202735710798 3.2730825598436737
0.20103566194430875 3.2730825598436737
0.20151929653150955 3.2730825598436737
0.20200293111871032 3.2730825598436737
0.2024865657059111 3.2730825598436737
0.20297020029311189 3.2730825598436737
0.20345383488031266 3.2730825598436737
0.20393746946751345 3.2730825598436737
0.20442110405471423 3.2730825598436737
0.204904738641915 3.2730825598436737
0.2053883732291158 3.2730825598436737
0.20587200781631657 3.2730825598436737
0.20635564240351736 3.2730825598436737
0.20683927699071813 3.2730825598436737
0.2073229115779189 3.2730825598436737
0.2078065461651197 3.2730825598436737
0.20829018075232048 3.2730825598436737
0.20877381533952127 3.2730825598436737
0.20925744992672204 3.2730825598436737
0.20974108451392282 3.2730825598436737
0.2102247191011236 3.2730825598436737
0.21070835368832438 3.2730825598436737
0.21119198827552516 3.2730825598436737
0.21167562286272595 3.2730825598436737
0.21215925744992672 3.2730825598436737
0.21264289203712752 3.2730825598436737
0.2131265266243283 3.2730825598436737
0.21361016121152906 3.2730825598436737
0.21409379579872986 3.2730825598436737
0.21457743038593063 3.2730825598436737
0.21506106497313143 3.2730825598436737
0.2155446995603322 3.2730825598436737
0.21602833414753297 3.2730825598436737
0.21651196873473377 3.2730825598436737
0.21699560332193454 3.2730825598436737
0.21747923790913534 3.2730825598436737
0.2179628724963361 3.2730825598436737
0.21844650708353688 3.2730825598436737
0.21893014167073768 3.2730825598436737
0.21941377625793845 3.2730825598436737
0.21989741084513925 3.2730825598436737
0.22038104543234002 3.2730825598436737
0.2208646800195408 3.2730825598436737
0.2213483146067416 3.2730825598436737
0.22183194919394236 3.2730825598436737
0.22231558378114313 3.2730825598436737
0.22279921836834393 3.2730825598436737
0.2232828529555447 3.2730825598436737
0.2237664875427455 3.2730825598436737
0.22425012212994627 3.2730825598436737
0.22473375671714704 3.2730825598436737
0.22521739130434784 3.2730825598436737
0.2257010258915486 3.2730825598436737
0.2261846604787494 3.2730825598436737
0.22666829506595018 3.2730825598436737
0.22715192965315095 3.2730825598436737
0.22763556424035175 3.2730825598436737
0.22811919882755252 3.2730825598436737
0.22860283341475332 3.2730825598436737
0.2290864680019541 3.2730825598436737
0.22957010258915486 3.2730825598436737
0.23005373717635566 3.2730825598436737
0.23053737176355643 3.2730825598436737
0.23102100635075723 3.2730825598436737
0.231504640937958 3.2730825598436737
0.23198827552515877 3.2730825598436737
0.23247191011235957 3.2730825598436737
0.23295554469956034 3.2730825598436737
0.2334391792867611 3.2730825598436737
0.2339228138739619 3.2730825598436737
0.23440644846116268 3.2730825598436737
0.23489008304836348 3.2730825598436737
0.23537371763556425 3.2730825598436737
0.23585735222276502 3.2730825598436737
0.23634098680996582 3.2730825598436737
0.2368246213971666 3.2730825598436737
0.2373082559843674 3.2730825598436737
0.23779189057156816 3.2730825598436737
0.23827552515876893 3.2730825598436737
0.23875915974596973 3.2730825598436737
0.2392427943331705 3.2730825598436737
0.2397264289203713 3.2730825598436737
0.24021006350757207 3.2730825598436737
0.24069369809477284 3.2730825598436737
0.24117733268197364 3.2730825598436737
0.2416609672691744 3.2730825598436737
0.2421446018563752 3.2730825598436737
0.24262823644357598 3.2730825598436737
0.24311187103077675 3.2730825598436737
0.24359550561797755 3.2730825598436737
0.24407914020517832 3.2730825598436737
0.2445627747923791 3.2730825598436737
0.2450464093795799 3.2730825598436737
0.24553004396678066 3.2730825598436737
0.24601367855398146 3.2730825598436737
0.24649731314118223 3.2730825598436737
0.246980947728383 3.2730825598436737
0.2474645823155838 3.2730825598436737
0.24794821690278457 3.2730825598436737
0.24843185148998537 3.2730825598436737
0.24891548607718614 3.2730825598436737
0.2493991206643869 3.2730825598436737
0.2498827552515877 3.2730825598436737
0.25036638983878845 3.2730825598436737
0.25085002442598925 3.2730825598436737
0.25133365901319005 3.2730825598436737
0.2518172936003908 3.2730825598436737
0.2523009281875916 3.2730825598436737
0.2527845627747924 3.2730825598436737
0.25326819736199313 3.2730825598436737
0.25375183194919393 3.2730825598436737
0.2542354665363947 3.2730825598436737
0.2547191011235955 3.321934538348803
0.25520273571079627 3.321934538348803
0.25568637029799707 3.321934538348803
0.25617000488519787 3.321934538348803
0.2566536394723986 3.321934538348803
0.2571372740595994 3.321934538348803
0.2576209086468002 3.321934538348803
0.25810454323400095 3.321934538348803
0.25858817782120175 3.321934538348803
0.25907181240840255 3.321934538348803
0.25955544699560334 3.321934538348803
0.2600390815828041 3.321934538348803
0.2605227161700049 3.321934538348803
0.2610063507572057 3.321934538348803
0.2614899853444065 3.321934538348803
0.2619736199316072 3.321934538348803
0.262457254518808 3.321934538348803
0.2629408891060088 3.321934538348803
0.26342452369320957 3.321934538348803
0.26390815828041037 3.321934538348803
0.26439179286761116 3.321934538348803
0.2648754274548119 3.321934538348803
0.2653590620420127 3.321934538348803
0.2658426966292135 3.321934538348803
0.2663263312164143 3.321934538348803
0.26680996580361505 3.321934538348803
0.26729360039081584 3.321934538348803
0.26777723497801664 3.321934538348803
0.2682608695652174 3.321934538348803
0.2687445041524182 3.321934538348803
0.269228138739619 3.321934538348803
0.2697117733268197 3.321934538348803
0.2701954079140205 3.321934538348803
0.2706790425012213 3.321934538348803
0.27116267708842207 3.321934538348803
0.27164631167562286 3.321934538348803
0.27212994626282366 3.321934538348803
0.27261358085002446 3.321934538348803
0.2730972154372252 3.321934538348803
0.273580850024426 3.321934538348803
0.2740644846116268 3.321934538348803
0.27454811919882754 3.321934538348803
0.27503175378602834 3.321934538348803
0.27551538837322914 3.321934538348803
0.2759990229604299 3.321934538348803
0.2764826575476307 3.321934538348803
0.2769662921348315 3.321934538348803
0.2774499267220323 3.321934538348803
0.277933561309233 3.321934538348803
0.2784171958964338 3.321934538348803
0.2789008304836346 3.321934538348803
0.27938446507083536 3.321934538348803
0.27986809965803616 3.321934538348803
0.28035173424523696 3.321934538348803
0.2808353688324377 3.321934538348803
0.2813190034196385 3.321934538348803
0.2818026380068393 3.321934538348803
0.28228627259404004 3.321934538348803
0.28276990718124084 3.321934538348803
0.28325354176844164 3.321934538348803
0.28373717635564244 3.321934538348803
0.2842208109428432 3.321934538348803
0.284704445530044 3.321934538348803
0.2851880801172448 3.321934538348803
0.2856717147044455 3.321934538348803
0.2861553492916463 3.321934538348803
0.2866389838788471 3.321934538348803
0.28712261846604786 3.321934538348803
0.28760625305324866 3.321934538348803
0.28808988764044946 3.321934538348803
0.2885735222276502 3.321934538348803
0.289057156814851 3.321934538348803
0.2895407914020518 3.321934538348803
0.2900244259892526 3.321934538348803
0.29050806057645334 3.321934538348803
0.29099169516365414 3.321934538348803
0.29147532975085494 3.321934538348803
0.2919589643380557 3.321934538348803
0.2924425989252565 3.321934538348803
0.2929262335124573 3.321934538348803
0.293409868099658 3.321934538348803
0.2938935026868588 3.321934538348803
0.2943771372740596 3.321934538348803
0.2948607718612604 3.321934538348803
0.29534440644846116 3.321934538348803
0.29582804103566196 3.321934538348803
0.29631167562286276 3.321934538348803
0.2967953102100635 3.321934538348803
0.2972789447972643 3.321934538348803
0.2977625793844651 3.321934538348803
0.29824621397166584 3.321934538348803
0.29872984855886664 3.321934538348803
0.29921348314606744 3.321934538348803
0.2996971177332682 3.321934538348803
0.300180752320469 3.321934538348803
0.3006643869076698 3.321934538348803
0.3011480214948706 3.321934538348803
0.3016316560820713 3.321934538348803
0.3021152906692721 3.321934538348803
0.3025989252564729 3.321934538348803
0.30308255984367366 3.321934538348803
0.30356619443087446 3.321934538348803
0.30404982901807526 3.3707865168539324
0.304533463605276 3.3707865168539324
0.3050170981924768 3.3707865168539324
0.3055007327796776 3.3707865168539324
0.3059843673668784 3.3707865168539324
0.30646800195407914 3.3707865168539324
0.30695163654127994 3.3707865168539324
0.30743527112848074 3.3707865168539324
0.3079189057156815 3.3707865168539324
0.3084025403028823 3.3707865168539324
0.3088861748900831 3.3707865168539324
0.3093698094772838 3.3707865168539324
0.3098534440644846 3.3707865168539324
0.3103370786516854 3.3707865168539324
0.31082071323888616 3.3707865168539324
0.31130434782608696 3.3707865168539324
0.31178798241328776 3.3707865168539324
0.31227161700048855 3.3707865168539324
0.3127552515876893 3.3707865168539324
0.3132388861748901 3.3707865168539324
0.3137225207620909 3.3707865168539324
0.31420615534929164 3.3707865168539324
0.31468978993649244 3.3707865168539324
0.31517342452369324 3.3707865168539324
0.315657059110894 3.3707865168539324
0.3161406936980948 3.3707865168539324
0.3166243282852956 3.3707865168539324
0.3171079628724964 3.3707865168539324
0.3175915974596971 3.3707865168539324
0.3180752320468979 3.3707865168539324
0.3185588666340987 3.3707865168539324
0.31904250122129946 3.3707865168539324
0.31952613580850026 3.3707865168539324
0.32000977039570105 3.3707865168539324
0.3204934049829018 3.3707865168539324
0.3209770395701026 3.3707865168539324
0.3214606741573034 3.3707865168539324
0.32194430874450414 3.3707865168539324
0.32242794333170494 3.3707865168539324
0.32291157791890573 3.3707865168539324
0.32339521250610653 3.3707865168539324
0.3238788470933073 3.3707865168539324
0.3243624816805081 3.3707865168539324
0.3248461162677089 3.3707865168539324
0.3253297508549096 3.3707865168539324
0.3258133854421104 3.3707865168539324
0.3262970200293112 3.3707865168539324
0.32678065461651196 3.3707865168539324
0.32726428920371275 3.3707865168539324
0.32774792379091355 3.3707865168539324
0.32823155837811435 3.3707865168539324
0.3287151929653151 3.3707865168539324
0.3291988275525159 3.3707865168539324
0.3296824621397167 3.3707865168539324
0.33016609672691744 3.3707865168539324
0.33064973131411823 3.3707865168539324
0.33113336590131903 3.3707865168539324
0.3316170004885198 3.3707865168539324
0.3321006350757206 3.3707865168539324
0.3325842696629214 3.3707865168539324
0.3330679042501221 3.3707865168539324
0.3335515388373229 3.3707865168539324
0.3340351734245237 3.3707865168539324
0.3345188080117245 3.3707865168539324
0.33500244259892525 3.3707865168539324
0.33548607718612605 3.3707865168539324
0.33596971177332685 3.3707865168539324
0.3364533463605276 3.3707865168539324
0.3369369809477284 3.3707865168539324
0.3374206155349292 3.3707865168539324
0.33790425012212993 3.3707865168539324
0.33838788470933073 3.3707865168539324
0.33887151929653153 3.3707865168539324
0.33935515388373233 3.3707865168539324
0.3398387884709331 3.3707865168539324
0.34032242305813387 3.3707865168539324
0.34080605764533467 3.3707865168539324
0.3412896922325354 3.3707865168539324
0.3417733268197362 3.3707865168539324
0.342256961406937 3.3707865168539324
0.34274059599413775 3.3707865168539324
0.34322423058133855 3.3707865168539324
0.34370786516853935 3.3707865168539324
0.3441914997557401 3.3707865168539324
0.3446751343429409 3.419638495359062
0.3451587689301417 3.419638495359062
0.3456424035173425 3.419638495359062
0.34612603810454323 3.419638495359062
0.34660967269174403 3.419638495359062
0.34709330727894483 3.419638495359062
0.3475769418661456 3.419638495359062
0.34806057645334637 3.419638495359062
0.34854421104054717 3.419638495359062
0.3490278456277479 3.419638495359062
0.3495114802149487 3.419638495359062
0.3499951148021495 3.419638495359062
0.3504787493893503 3.419638495359062
0.35096238397655105 3.419638495359062
0.35144601856375185 3.419638495359062
0.35192965315095265 3.419638495359062
0.3524132877381534 3.419638495359062
0.3528969223253542 3.419638495359062
0.353380556912555 3.419638495359062
0.35386419149975573 3.419638495359062
0.35434782608695653 3.419638495359062
0.35483146067415733 3.419638495359062
0.35531509526135807 3.419638495359062
0.35579872984855887 3.419638495359062
0.35628236443575967 3.419638495359062
0.35676599902296047 3.419638495359062
0.3572496336101612 3.419638495359062
0.357733268197362 3.419638495359062
0.3582169027845628 3.419638495359062
0.35870053737176355 3.419638495359062
0.35918417195896435 3.419638495359062
0.35966780654616515 3.419638495359062
0.3601514411333659 3.419638495359062
0.3606350757205667 3.419638495359062
0.3611187103077675 3.419638495359062
0.36160234489496823 3.419638495359062
0.36208597948216903 3.419638495359062
0.3625696140693698 3.419638495359062
0.3630532486565706 3.419638495359062
0.36353688324377137 3.419638495359062
0.36402051783097217 3.419638495359062
0.36450415241817297 3.419638495359062
0.3649877870053737 3.419638495359062
0.3654714215925745 3.419638495359062
0.3659550561797753 3.419638495359062
0.36643869076697605 3.419638495359062
0.36692232535417685 3.419638495359062
0.36740595994137765 3.419638495359062
0.36788959452857845 3.419638495359062
0.3683732291157792 3.419638495359062
0.36885686370298 3.419638495359062
0.3693404982901808 3.419638495359062
0.36982413287738153 3.419638495359062
0.3703077674645823 3.419638495359062
0.3707914020517831 3.419638495359062
0.37127503663898387 3.419638495359062
0.37175867122618467 3.419638495359062
0.37224230581338547 3.419638495359062
0.3727259404005862 3.419638495359062
0.373209574987787 3.419638495359062
0.3736932095749878 3.419638495359062
0.3741768441621886 3.419638495359062
0.37466047874938935 3.419638495359062
0.37514411333659015 3.419638495359062
0.37562774792379094 3.419638495359062
0.3761113825109917 3.419638495359062
0.3765950170981925 3.419638495359062
0.3770786516853933 3.419638495359062
0.377562286272594 3.419638495359062
0.3780459208597948 3.419638495359062
0.3785295554469956 3.419638495359062
0.3790131900341964 3.419638495359062
0.37949682462139717 3.4684904738641915
0.37998045920859796 3.4684904738641915
0.38046409379579876 3.4684904738641915
0.3809477283829995 3.4684904738641915
0.3814313629702003 3.4684904738641915
0.3819149975574011 3.4684904738641915
0.38239863214460185 3.4684904738641915
0.38288226673180265 3.4684904738641915
0.38336590131900344 3.4684904738641915
0.3838495359062042 3.4684904738641915
0.384333170493405 3.4684904738641915
0.3848168050806058 3.4684904738641915
0.3853004396678066 3.4684904738641915
0.3857840742550073 3.4684904738641915
0.3862677088422081 3.4684904738641915
0.3867513434294089 3.4684904738641915
0.38723497801660967 3.4684904738641915
0.38771861260381046 3.4684904738641915
0.38820224719101126 3.4684904738641915
0.388685881778212 3.4684904738641915
0.3891695163654128 3.4684904738641915
0.3896531509526136 3.4684904738641915
0.3901367855398144 3.4684904738641915
0.39062042012701514 3.4684904738641915
0.39110405471421594 3.4684904738641915
0.39158768930141674 3.4684904738641915
0.3920713238886175 3.4684904738641915
0.3925549584758183 3.4684904738641915
0.3930385930630191 3.4684904738641915
0.3935222276502198 3.4684904738641915
0.3940058622374206 3.4684904738641915
0.3944894968246214 3.4684904738641915
0.39497313141182216 3.4684904738641915
0.39545676599902296 3.4684904738641915
0.39594040058622376 3.4684904738641915
0.39642403517342456 3.4684904738641915
0.3969076697606253 3.4684904738641915
0.3973913043478261 3.4684904738641915
0.3978749389350269 3.4684904738641915
0.39835857352222764 3.4684904738641915
0.39884220810942844 3.4684904738641915
0.39932584269662924 3.4684904738641915
0.39980947728383 3.4684904738641915
0.4002931118710308 3.4684904738641915
0.4007767464582316 3.4684904738641915
0.4012603810454324 3.4684904738641915
0.4017440156326331 3.4684904738641915
0.4022276502198339 3.4684904738641915
0.4027112848070347 3.4684904738641915
0.40319491939423546 3.4684904738641915
0.40367855398143626 3.4684904738641915
0.40416218856863706 3.4684904738641915
0.4046458231558378 3.4684904738641915
0.4051294577430386 3.4684904738641915
0.4056130923302394 3.4684904738641915
0.40609672691744014 3.4684904738641915
0.40658036150464094 3.4684904738641915
0.40706399609184174 3.4684904738641915
0.40754763067904254 3.4684904738641915
0.4080312652662433 3.4684904738641915
0.4085148998534441 3.4684904738641915
0.4089985344406449 3.4684904738641915
0.4094821690278456 3.4684904738641915
0.4099658036150464 3.517342452369321
0.4104494382022472 3.517342452369321
0.41093307278944796 3.517342452369321
0.41141670737664876 3.517342452369321
0.41190034196384956 3.517342452369321
0.4123839765510503 3.517342452369321
0.4128676111382511 3.517342452369321
0.4133512457254519 3.517342452369321
0.4138348803126527 3.517342452369321
0.41431851489985344 3.517342452369321
0.41480214948705424 3.517342452369321
0.41528578407425504 3.517342452369321
0.4157694186614558 3.517342452369321
0.4162530532486566 3.517342452369321
0.4167366878358574 3.517342452369321
0.4172203224230581 3.517342452369321
0.4177039570102589 3.517342452369321
0.4181875915974597 3.517342452369321
0.4186712261846605 3.517342452369321
0.41915486077186126 3.517342452369321
0.41963849535906206 3.517342452369321
0.42012212994626286 3.517342452369321
0.4206057645334636 3.517342452369321
0.4210893991206644 3.517342452369321
0.4215730337078652 3.517342452369321
0.42205666829506594 3.517342452369321
0.42254030288226674 3.517342452369321
0.42302393746946754 3.517342452369321
0.4235075720566683 3.517342452369321
0.4239912066438691 3.517342452369321
0.4244748412310699 3.517342452369321
0.4249584758182707 3.517342452369321
0.4254421104054714 3.517342452369321
0.4259257449926722 3.517342452369321
0.426409379579873 3.517342452369321
0.42689301416707376 3.517342452369321
0.42737664875427456 3.517342452369321
0.42786028334147536 3.517342452369321
0.4283439179286761 3.517342452369321
0.4288275525158769 3.517342452369321
0.4293111871030777 3.517342452369321
0.4297948216902785 3.517342452369321
0.43027845627747924 3.517342452369321
0.43076209086468004 3.517342452369321
0.43124572545188083 3.517342452369321
0.4317293600390816 3.517342452369321
0.4322129946262824 3.517342452369321
0.4326966292134832 3.517342452369321
0.4331802638006839 3.517342452369321
0.4336638983878847 3.517342452369321
0.4341475329750855 3.517342452369321
0.43463116756228626 3.517342452369321
0.43511480214948706 3.517342452369321
0.43559843673668786 3.517342452369321
0.43608207132388865 3.517342452369321
0.4365657059110894 3.517342452369321
0.4370493404982902 3.56619443087445
0.437532975085491 3.56619443087445
0.43801660967269174 3.56619443087445
0.43850024425989254 3.56619443087445
0.43898387884709333 3.56619443087445
0.4394675134342941 3.56619443087445
0.4399511480214949 3.56619443087445
0.4404347826086957 3.56619443087445
0.4409184171958965 3.56619443087445
0.4414020517830972 3.56619443087445
0.441885686370298 3.56619443087445
0.4423693209574988 3.56619443087445
0.44285295554469956 3.56619443087445
0.44333659013190035 3.56619443087445
0.44382022471910115 3.56619443087445
0.4443038593063019 3.56619443087445
0.4447874938935027 3.56619443087445
0.4452711284807035 3.56619443087445
0.44575476306790424 3.56619443087445
0.44623839765510503 3.56619443087445
0.44672203224230583 3.56619443087445
0.44720566682950663 3.56619443087445
0.4476893014167074 3.56619443087445
0.4481729360039082 3.56619443087445
0.44865657059110897 3.56619443087445
0.4491402051783097 3.56619443087445
0.4496238397655105 3.56619443087445
0.4501074743527113 3.56619443087445
0.45059110893991206 3.56619443087445
0.45107474352711285 3.56619443087445
0.45155837811431365 3.56619443087445
0.45204201270151445 3.56619443087445
0.4525256472887152 3.56619443087445
0.453009281875916 3.56619443087445
0.4534929164631168 3.56619443087445
0.45397655105031753 3.56619443087445
0.45446018563751833 3.56619443087445
0.45494382022471913 3.56619443087445
0.4554274548119199 3.56619443087445
0.4559110893991207 3.56619443087445
0.45639472398632147 3.56619443087445
0.4568783585735222 3.56619443087445
0.457361993160723 3.56619443087445
0.4578456277479238 3.56619443087445
0.4583292623351246 3.56619443087445
0.45881289692232535 3.56619443087445
0.45929653150952615 3.56619443087445
0.45978016609672695 3.56619443087445
0.4602638006839277 3.56619443087445
0.4607474352711285 3.56619443087445
0.4612310698583293 3.56619443087445
0.46171470444553003 3.6150464093795796
0.46219833903273083 3.6150464093795796
0.46268197361993163 3.6150464093795796
0.46316560820713243 3.6150464093795796
0.46364924279433317 3.6150464093795796
0.46413287738153397 3.6150464093795796
0.46461651196873477 3.6150464093795796
0.4651001465559355 3.6150464093795796
0.4655837811431363 3.6150464093795796
0.4660674157303371 3.6150464093795796
0.46655105031753785 3.6150464093795796
0.46703468490473865 3.6150464093795796
0.46751831949193945 3.6150464093795796
0.4680019540791402 3.6150464093795796
0.468485588666341 3.6150464093795796
0.4689692232535418 3.6150464093795796
0.4694528578407426 3.6150464093795796
0.46993649242794333 3.6150464093795796
0.47042012701514413 3.6150464093795796
0.47090376160234493 3.6150464093795796
0.47138739618954567 3.6150464093795796
0.47187103077674647 3.6150464093795796
0.47235466536394727 3.6150464093795796
0.472838299951148 3.6150464093795796
0.4733219345383488 3.6150464093795796
0.4738055691255496 3.6150464093795796
0.4742892037127504 3.6150464093795796
0.47477283829995115 3.6150464093795796
0.47525647288715195 3.6150464093795796
0.47574010747435275 3.6150464093795796
0.4762237420615535 3.6150464093795796
0.4767073766487543 3.6150464093795796
0.4771910112359551 3.6150464093795796
0.47767464582315583 3.6150464093795796
0.47815828041035663 3.6150464093795796
0.4786419149975574 3.6150464093795796
0.47912554958475817 3.6150464093795796
0.47960918417195897 3.6150464093795796
0.48009281875915977 3.6150464093795796
0.48057645334636057 3.6150464093795796
0.4810600879335613 3.6150464093795796
0.4815437225207621 3.6150464093795796
0.4820273571079629 3.6150464093795796
0.48251099169516365 3.6150464093795796
0.48299462628236445 3.6150464093795796
0.48347826086956525 3.6150464093795796
0.483961895456766 3.6150464093795796
0.4844455300439668 3.6638983878847093
0.4849291646311676 3.6638983878847093
0.48541279921836833 3.6638983878847093
0.48589643380556913 3.6638983878847093
0.4863800683927699 3.6638983878847093
0.4868637029799707 3.6638983878847093
0.48734733756717147 3.6638983878847093
0.48783097215437227 3.6638983878847093
0.48831460674157307 3.6638983878847093
0.4887982413287738 3.6638983878847093
0.4892818759159746 3.6638983878847093
0.4897655105031754 3.6638983878847093
0.49024914509037615 3.6638983878847093
0.49073277967757695 3.6638983878847093
0.49121641426477775 3.6638983878847093
0.49170004885197854 3.6638983878847093
0.4921836834391793 3.6638983878847093
0.4926673180263801 3.6638983878847093
0.4931509526135809 3.6638983878847093
0.4936345872007816 3.6638983878847093
0.4941182217879824 3.6638983878847093
0.4946018563751832 3.6638983878847093
0.49508549096238397 3.6638983878847093
0.49556912554958477 3.6638983878847093
0.49605276013678556 3.6638983878847093
0.4965363947239863 3.6638983878847093
0.4970200293111871 3.6638983878847093
0.4975036638983879 3.6638983878847093
0.4979872984855887 3.6638983878847093
0.49847093307278945 3.6638983878847093
0.49895456765999024 3.6638983878847093
0.49943820224719104 3.6638983878847093
0.4999218368343918 3.6638983878847093
0.5004054714215925 3.6638983878847093
0.5008891060087933 3.6638983878847093
0.5013727405959941 3.6638983878847093
0.5018563751831949 3.6638983878847093
0.5023400097703957 3.6638983878847093
0.5028236443575965 3.6638983878847093
0.5033072789447972 3.6638983878847093
0.503790913531998 3.6638983878847093
0.5042745481191988 3.6638983878847093
0.5047581827063996 3.6638983878847093
0.5052418172936004 3.7127503663898387
0.5057254518808012 3.7127503663898387
0.5062090864680019 3.7127503663898387
0.5066927210552027 3.7127503663898387
0.5071763556424035 3.7127503663898387
0.5076599902296043 3.7127503663898387
0.5081436248168051 3.7127503663898387
0.5086272594040059 3.7127503663898387
0.5091108939912067 3.7127503663898387
0.5095945285784074 3.7127503663898387
0.5100781631656082 3.7127503663898387
0.510561797752809 3.7127503663898387
0.5110454323400098 3.7127503663898387
0.5115290669272106 3.7127503663898387
0.5120127015144114 3.7127503663898387
0.5124963361016122 3.7127503663898387
0.512979970688813 3.7127503663898387
0.5134636052760136 3.7127503663898387
0.5139472398632144 3.7127503663898387
0.5144308744504152 3.7127503663898387
0.514914509037616 3.7127503663898387
0.5153981436248168 3.7127503663898387
0.5158817782120176 3.7127503663898387
0.5163654127992183 3.7127503663898387
0.5168490473864191 3.7127503663898387
0.5173326819736199 3.7127503663898387
0.5178163165608207 3.7127503663898387
0.5182999511480215 3.7127503663898387
0.5187835857352223 3.7127503663898387
0.5192672203224231 3.7127503663898387
0.5197508549096238 3.7127503663898387
0.5202344894968246 3.7127503663898387
0.5207181240840254 3.7127503663898387
0.5212017586712262 3.7127503663898387
0.521685393258427 3.7127503663898387
0.5221690278456278 3.7127503663898387
0.5226526624328286 3.7127503663898387
0.5231362970200293 3.7127503663898387
0.5236199316072301 3.7127503663898387
0.5241035661944309 3.761602344894968
0.5245872007816317 3.761602344894968
0.5250708353688325 3.761602344894968
0.5255544699560333 3.761602344894968
0.526038104543234 3.761602344894968
0.5265217391304348 3.761602344894968
0.5270053737176356 3.761602344894968
0.5274890083048364 3.761602344894968
0.5279726428920372 3.761602344894968
0.528456277479238 3.761602344894968
0.5289399120664388 3.761602344894968
0.5294235466536394 3.761602344894968
0.5299071812408402 3.761602344894968
0.530390815828041 3.761602344894968
0.5308744504152418 3.761602344894968
0.5313580850024426 3.761602344894968
0.5318417195896434 3.761602344894968
0.5323253541768441 3.761602344894968
0.5328089887640449 3.761602344894968
0.5332926233512457 3.761602344894968
0.5337762579384465 3.761602344894968
0.5342598925256473 3.761602344894968
0.5347435271128481 3.761602344894968
0.5352271617000489 3.761602344894968
0.5357107962872496 3.761602344894968
0.5361944308744504 3.761602344894968
0.5366780654616512 3.761602344894968
0.537161700048852 3.761602344894968
0.5376453346360528 3.761602344894968
0.5381289692232536 3.761602344894968
0.5386126038104543 3.761602344894968
0.5390962383976551 3.761602344894968
0.5395798729848559 3.761602344894968
0.5400635075720567 3.761602344894968
0.5405471421592575 3.761602344894968
0.5410307767464583 3.761602344894968
0.5415144113336591 3.761602344894968
0.5419980459208598 3.810454323400098
0.5424816805080606 3.810454323400098
0.5429653150952614 3.810454323400098
0.5434489496824622 3.810454323400098
0.543932584269663 3.810454323400098
0.5444162188568638 3.810454323400098
0.5448998534440646 3.810454323400098
0.5453834880312652 3.810454323400098
0.545867122618466 3.810454323400098
0.5463507572056668 3.810454323400098
0.5468343917928676 3.810454323400098
0.5473180263800684 3.810454323400098
0.5478016609672692 3.810454323400098
0.5482852955544699 3.810454323400098
0.5487689301416707 3.810454323400098
0.5492525647288715 3.810454323400098
0.5497361993160723 3.810454323400098
0.5502198339032731 3.810454323400098
0.5507034684904739 3.810454323400098
0.5511871030776747 3.810454323400098
0.5516707376648754 3.810454323400098
0.5521543722520762 3.810454323400098
0.552638006839277 3.810454323400098
0.5531216414264778 3.810454323400098
0.5536052760136786 3.810454323400098
0.5540889106008794 3.810454323400098
0.5545725451880801 3.810454323400098
0.5550561797752809 3.810454323400098
0.5555398143624817 3.810454323400098
0.5560234489496825 3.810454323400098
0.5565070835368833 3.810454323400098
0.5569907181240841 3.810454323400098
0.5574743527112849 3.810454323400098
0.5579579872984856 3.810454323400098
0.5584416218856864 3.859306301905227
0.5589252564728872 3.859306301905227
0.559408891060088 3.859306301905227
0.5598925256472888 3.859306301905227
0.5603761602344896 3.859306301905227
0.5608597948216902 3.859306301905227
0.561343429408891 3.859306301905227
0.5618270639960918 3.859306301905227
0.5623106985832926 3.859306301905227
0.5627943331704934 3.859306301905227
0.5632779677576942 3.859306301905227
0.563761602344895 3.859306301905227
0.5642452369320957 3.859306301905227
0.5647288715192965 3.859306301905227
0.5652125061064973 3.859306301905227
0.5656961406936981 3.859306301905227
0.5661797752808989 3.859306301905227
0.5666634098680997 3.859306301905227
0.5671470444553004 3.859306301905227
0.5676306790425012 3.859306301905227
0.568114313629702 3.859306301905227
0.5685979482169028 3.859306301905227
0.5690815828041036 3.859306301905227
0.5695652173913044 3.859306301905227
0.5700488519785052 3.859306301905227
0.5705324865657059 3.859306301905227
0.5710161211529067 3.859306301905227
0.5714997557401075 3.859306301905227
0.5719833903273083 3.859306301905227
0.5724670249145091 3.859306301905227
0.5729506595017099 3.859306301905227
0.5734342940889107 3.859306301905227
0.5739179286761114 3.9081582804103565
0.5744015632633122 3.9081582804103565
0.574885197850513 3.9081582804103565
0.5753688324377138 3.9081582804103565
0.5758524670249145 3.9081582804103565
0.5763361016121153 3.9081582804103565
0.576819736199316 3.9081582804103565
0.5773033707865168 3.9081582804103565
0.5777870053737176 3.9081582804103565
0.5782706399609184 3.9081582804103565
0.5787542745481192 3.9081582804103565
0.57923790913532 3.9081582804103565
0.5797215437225208 3.9081582804103565
0.5802051783097215 3.9081582804103565
0.5806888128969223 3.9081582804103565
0.5811724474841231 3.9081582804103565
0.5816560820713239 3.9081582804103565
0.5821397166585247 3.9081582804103565
0.5826233512457255 3.9081582804103565
0.5831069858329262 3.9081582804103565
0.583590620420127 3.9081582804103565
0.5840742550073278 3.9081582804103565
0.5845578895945286 3.9081582804103565
0.5850415241817294 3.9081582804103565
0.5855251587689302 3.9081582804103565
0.586008793356131 3.9081582804103565
0.5864924279433317 3.9081582804103565
0.5869760625305325 3.9081582804103565
0.5874596971177333 3.9081582804103565
0.5879433317049341 3.957010258915486
0.5884269662921349 3.957010258915486
0.5889106008793357 3.957010258915486
0.5893942354665364 3.957010258915486
0.5898778700537372 3.957010258915486
0.590361504640938 3.957010258915486
0.5908451392281387 3.957010258915486
0.5913287738153395 3.957010258915486
0.5918124084025403 3.957010258915486
0.5922960429897411 3.957010258915486
0.5927796775769418 3.957010258915486
0.5932633121641426 3.957010258915486
0.5937469467513434 3.957010258915486
0.5942305813385442 3.957010258915486
0.594714215925745 3.957010258915486
0.5951978505129458 3.957010258915486
0.5956814851001466 3.957010258915486
0.5961651196873473 3.957010258915486
0.5966487542745481 3.957010258915486
0.5971323888617489 3.957010258915486
0.5976160234489497 3.957010258915486
0.5980996580361505 3.957010258915486
0.5985832926233513 3.957010258915486
0.599066927210552 3.957010258915486
0.5995505617977528 3.957010258915486
0.6000341963849536 3.957010258915486
0.6005178309721544 3.957010258915486
0.6010014655593552 3.957010258915486
0.601485100146556 4.005862237420615
0.6019687347337568 4.005862237420615
0.6024523693209575 4.005862237420615
0.6029360039081583 4.005862237420615
0.6034196384953591 4.005862237420615
0.6039032730825599 4.005862237420615
0.6043869076697607 4.005862237420615
0.6048705422569615 4.005862237420615
0.6053541768441622 4.005862237420615
0.605837811431363 4.005862237420615
0.6063214460185637 4.005862237420615
0.6068050806057645 4.005862237420615
0.6072887151929653 4.005862237420615
0.6077723497801661 4.005862237420615
0.6082559843673669 4.005862237420615
0.6087396189545676 4.005862237420615
0.6092232535417684 4.005862237420615
0.6097068881289692 4.005862237420615
0.61019052271617 4.005862237420615
0.6106741573033708 4.005862237420615
0.6111577918905716 4.005862237420615
0.6116414264777723 4.005862237420615
0.6121250610649731 4.005862237420615
0.6126086956521739 4.005862237420615
0.6130923302393747 4.005862237420615
0.6135759648265755 4.005862237420615
0.6140595994137763 4.005862237420615
0.6145432340009771 4.0547142159257445
0.6150268685881778 4.0547142159257445
0.6155105031753786 4.0547142159257445
0.6159941377625794 4.0547142159257445
0.6164777723497802 4.0547142159257445
0.616961406936981 4.0547142159257445
0.6174450415241818 4.0547142159257445
0.6179286761113826 4.0547142159257445
0.6184123106985833 4.0547142159257445
0.6188959452857841 4.0547142159257445
0.6193795798729849 4.0547142159257445
0.6198632144601857 4.0547142159257445
0.6203468490473865 4.0547142159257445
0.6208304836345873 4.0547142159257445
0.621314118221788 4.0547142159257445
0.6217977528089887 4.0547142159257445
0.6222813873961895 4.0547142159257445
0.6227650219833903 4.0547142159257445
0.6232486565705911 4.0547142159257445
0.6237322911577919 4.0547142159257445
0.6242159257449927 4.0547142159257445
0.6246995603321934 4.0547142159257445
0.6251831949193942 4.0547142159257445
0.625666829506595 4.0547142159257445
0.6261504640937958 4.0547142159257445
0.6266340986809966 4.103566194430874
0.6271177332681974 4.103566194430874
0.6276013678553981 4.103566194430874
0.6280850024425989 4.103566194430874
0.6285686370297997 4.103566194430874
0.6290522716170005 4.103566194430874
0.6295359062042013 4.103566194430874
0.6300195407914021 4.103566194430874
0.6305031753786029 4.103566194430874
0.6309868099658036 4.103566194430874
0.6314704445530044 4.103566194430874
0.6319540791402052 4.103566194430874
0.632437713727406 4.103566194430874
0.6329213483146068 4.103566194430874
0.6334049829018076 4.103566194430874
0.6338886174890083 4.103566194430874
0.6343722520762091 4.103566194430874
0.6348558866634099 4.103566194430874
0.6353395212506107 4.103566194430874
0.6358231558378115 4.103566194430874
0.6363067904250123 4.103566194430874
0.6367904250122131 4.103566194430874
0.6372740595994137 4.103566194430874
0.6377576941866145 4.103566194430874
0.6382413287738153 4.152418172936004
0.6387249633610161 4.152418172936004
0.6392085979482169 4.152418172936004
0.6396922325354177 4.152418172936004
0.6401758671226184 4.152418172936004
0.6406595017098192 4.152418172936004
0.64114313629702 4.152418172936004
0.6416267708842208 4.152418172936004
0.6421104054714216 4.152418172936004
0.6425940400586224 4.152418172936004
0.6430776746458232 4.152418172936004
0.6435613092330239 4.152418172936004
0.6440449438202247 4.152418172936004
0.6445285784074255 4.152418172936004
0.6450122129946263 4.152418172936004
0.6454958475818271 4.152418172936004
0.6459794821690279 4.152418172936004
0.6464631167562287 4.152418172936004
0.6469467513434294 4.152418172936004
0.6474303859306302 4.152418172936004
0.647914020517831 4.152418172936004
0.6483976551050318 4.152418172936004
0.6488812896922326 4.2012701514411335
0.6493649242794334 4.2012701514411335
0.6498485588666341 4.2012701514411335
0.6503321934538349 4.2012701514411335
0.6508158280410357 4.2012701514411335
0.6512994626282365 4.2012701514411335
0.6517830972154373 4.2012701514411335
0.6522667318026381 4.2012701514411335
0.6527503663898389 4.2012701514411335
0.6532340009770395 4.2012701514411335
0.6537176355642403 4.2012701514411335
0.6542012701514411 4.2012701514411335
0.6546849047386419 4.2012701514411335
0.6551685393258427 4.2012701514411335
0.6556521739130435 4.2012701514411335
0.6561358085002442 4.2012701514411335
0.656619443087445 4.2012701514411335
0.6571030776746458 4.2012701514411335
0.6575867122618466 4.2012701514411335
0.6580703468490474 4.2012701514411335
0.6585539814362482 4.2012701514411335
0.659037616023449 4.250122129946263
0.6595212506106497 4.250122129946263
0.6600048851978505 4.250122129946263
0.6604885197850513 4.250122129946263
0.6609721543722521 4.250122129946263
0.6614557889594529 4.250122129946263
0.6619394235466537 4.250122129946263
0.6624230581338544 4.250122129946263
0.6629066927210552 4.250122129946263
0.663390327308256 4.250122129946263
0.6638739618954568 4.250122129946263
0.6643575964826576 4.250122129946263
0.6648412310698584 4.250122129946263
0.6653248656570592 4.250122129946263
0.6658085002442599 4.250122129946263
0.6662921348314607 4.250122129946263
0.6667757694186615 4.250122129946263
0.6672594040058623 4.250122129946263
0.667743038593063 4.250122129946263
0.6682266731802639 4.250122129946263
0.6687103077674647 4.250122129946263
0.6691939423546653 4.298974108451392
0.6696775769418661 4.298974108451392
0.6701612115290669 4.298974108451392
0.6706448461162677 4.298974108451392
0.6711284807034685 4.298974108451392
0.6716121152906693 4.298974108451392
0.67209574987787 4.298974108451392
0.6725793844650708 4.298974108451392
0.6730630190522716 4.298974108451392
0.6735466536394724 4.298974108451392
0.6740302882266732 4.298974108451392
0.674513922813874 4.298974108451392
0.6749975574010748 4.298974108451392
0.6754811919882755 4.298974108451392
0.6759648265754763 4.298974108451392
0.6764484611626771 4.298974108451392
0.6769320957498779 4.298974108451392
0.6774157303370787 4.298974108451392
0.6778993649242795 4.298974108451392
0.6783829995114802 4.3478260869565215
0.678866634098681 4.3478260869565215
0.6793502686858818 4.3478260869565215
0.6798339032730826 4.3478260869565215
0.6803175378602834 4.3478260869565215
0.6808011724474842 4.3478260869565215
0.681284807034685 4.3478260869565215
0.6817684416218857 4.3478260869565215
0.6822520762090865 4.3478260869565215
0.6827357107962873 4.3478260869565215
0.683219345383488 4.3478260869565215
0.6837029799706889 4.3478260869565215
0.6841866145578896 4.3478260869565215
0.6846702491450903 4.3478260869565215
0.6851538837322911 4.3478260869565215
0.6856375183194919 4.3478260869565215
0.6861211529066927 4.3478260869565215
0.6866047874938935 4.3478260869565215
0.6870884220810943 4.396678065461651
0.6875720566682951 4.396678065461651
0.6880556912554958 4.396678065461651
0.6885393258426966 4.396678065461651
0.6890229604298974 4.396678065461651
0.6895065950170982 4.396678065461651
0.689990229604299 4.396678065461651
0.6904738641914998 4.396678065461651
0.6909574987787006 4.396678065461651
0.6914411333659013 4.396678065461651
0.6919247679531021 4.396678065461651
0.6924084025403029 4.396678065461651
0.6928920371275037 4.396678065461651
0.6933756717147045 4.396678065461651
0.6938593063019053 4.396678065461651
0.694342940889106 4.396678065461651
0.6948265754763068 4.396678065461651
0.6953102100635076 4.396678065461651
0.6957938446507084 4.44553004396678
0.6962774792379092 4.44553004396678
0.69676111382511 4.44553004396678
0.6972447484123108 4.44553004396678
0.6977283829995115 4.44553004396678
0.6982120175867123 4.44553004396678
0.698695652173913 4.44553004396678
0.6991792867611138 4.44553004396678
0.6996629213483146 4.44553004396678
0.7001465559355154 4.44553004396678
0.7006301905227161 4.44553004396678
0.7011138251099169 4.44553004396678
0.7015974596971177 4.44553004396678
0.7020810942843185 4.44553004396678
0.7025647288715193 4.44553004396678
0.7030483634587201 4.44553004396678
0.7035319980459209 4.44553004396678
0.7040156326331216 4.49438202247191
0.7044992672203224 4.49438202247191
0.7049829018075232 4.49438202247191
0.705466536394724 4.49438202247191
0.7059501709819248 4.49438202247191
0.7064338055691256 4.49438202247191
0.7069174401563263 4.49438202247191
0.7074010747435271 4.49438202247191
0.7078847093307279 4.49438202247191
0.7083683439179287 4.49438202247191
0.7088519785051295 4.49438202247191
0.7093356130923303 4.49438202247191
0.7098192476795311 4.49438202247191
0.7103028822667318 4.49438202247191
0.7107865168539326 4.49438202247191
0.7112701514411334 4.49438202247191
0.7117537860283342 4.54323400097704
0.712237420615535 4.54323400097704
0.7127210552027358 4.54323400097704
0.7132046897899365 4.54323400097704
0.7136883243771373 4.54323400097704
0.714171958964338 4.54323400097704
0.7146555935515388 4.54323400097704
0.7151392281387396 4.54323400097704
0.7156228627259404 4.54323400097704
0.7161064973131412 4.54323400097704
0.7165901319003419 4.54323400097704
0.7170737664875427 4.54323400097704
0.7175574010747435 4.54323400097704
0.7180410356619443 4.54323400097704
0.7185246702491451 4.54323400097704
0.7190083048363459 4.592085979482169
0.7194919394235467 4.592085979482169
0.7199755740107474 4.592085979482169
0.7204592085979482 4.592085979482169
0.720942843185149 4.592085979482169
0.7214264777723498 4.592085979482169
0.7219101123595506 4.592085979482169
0.7223937469467514 4.592085979482169
0.7228773815339521 4.592085979482169
0.7233610161211529 4.592085979482169
0.7238446507083537 4.592085979482169
0.7243282852955545 4.592085979482169
0.7248119198827553 4.592085979482169
0.7252955544699561 4.592085979482169
0.7257791890571569 4.592085979482169
0.7262628236443576 4.6409379579872985
0.7267464582315584 4.6409379579872985
0.7272300928187592 4.6409379579872985
0.72771372740596 4.6409379579872985
0.7281973619931608 4.6409379579872985
0.7286809965803616 4.6409379579872985
0.7291646311675622 4.6409379579872985
0.729648265754763 4.6409379579872985
0.7301319003419638 4.6409379579872985
0.7306155349291646 4.6409379579872985
0.7310991695163654 4.6409379579872985
0.7315828041035662 4.6409379579872985
0.732066438690767 4.6409379579872985
0.7325500732779677 4.6409379579872985
0.7330337078651685 4.689789936492428
0.7335173424523693 4.689789936492428
0.7340009770395701 4.689789936492428
0.7344846116267709 4.689789936492428
0.7349682462139717 4.689789936492428
0.7354518808011724 4.689789936492428
0.7359355153883732 4.689789936492428
0.736419149975574 4.689789936492428
0.7369027845627748 4.689789936492428
0.7373864191499756 4.689789936492428
0.7378700537371764 4.689789936492428
0.7383536883243772 4.689789936492428
0.7388373229115779 4.689789936492428
0.7393209574987787 4.738641914997557
0.7398045920859795 4.738641914997557
0.7402882266731803 4.738641914997557
0.7407718612603811 4.738641914997557
0.7412554958475819 4.738641914997557
0.7417391304347827 4.738641914997557
0.7422227650219834 4.738641914997557
0.7427063996091842 4.738641914997557
0.743190034196385 4.738641914997557
0.7436736687835858 4.738641914997557
0.7441573033707866 4.738641914997557
0.7446409379579874 4.738641914997557
0.745124572545188 4.738641914997557
0.7456082071323888 4.7874938935026865
0.7460918417195896 4.7874938935026865
0.7465754763067904 4.7874938935026865
0.7470591108939912 4.7874938935026865
0.747542745481192 4.7874938935026865
0.7480263800683928 4.7874938935026865
0.7485100146555935 4.7874938935026865
0.7489936492427943 4.7874938935026865
0.7494772838299951 4.7874938935026865
0.7499609184171959 4.7874938935026865
0.7504445530043967 4.7874938935026865
0.7509281875915975 4.7874938935026865
0.7514118221787982 4.7874938935026865
0.751895456765999 4.836345872007816
0.7523790913531998 4.836345872007816
0.7528627259404006 4.836345872007816
0.7533463605276014 4.836345872007816
0.7538299951148022 4.836345872007816
0.754313629702003 4.836345872007816
0.7547972642892037 4.836345872007816
0.7552808988764045 4.836345872007816
0.7557645334636053 4.836345872007816
0.7562481680508061 4.836345872007816
0.7567318026380069 4.836345872007816
0.7572154372252077 4.836345872007816
0.7576990718124084 4.885197850512945
0.7581827063996092 4.885197850512945
0.75866634098681 4.885197850512945
0.7591499755740108 4.885197850512945
0.7596336101612116 4.885197850512945
0.7601172447484124 4.885197850512945
0.7606008793356132 4.885197850512945
0.7610845139228138 4.885197850512945
0.7615681485100146 4.885197850512945
0.7620517830972154 4.885197850512945
0.7625354176844162 4.885197850512945
0.763019052271617 4.885197850512945
0.7635026868588178 4.934049829018075
0.7639863214460185 4.934049829018075
0.7644699560332193 4.934049829018075
0.7649535906204201 4.934049829018075
0.7654372252076209 4.934049829018075
0.7659208597948217 4.934049829018075
0.7664044943820225 4.934049829018075
0.7668881289692233 4.934049829018075
0.767371763556424 4.934049829018075
0.7678553981436248 4.934049829018075
0.7683390327308256 4.934049829018075
0.7688226673180264 4.982901807523205
0.7693063019052272 4.982901807523205
0.769789936492428 4.982901807523205
0.7702735710796288 4.982901807523205
0.7707572056668295 4.982901807523205
0.7712408402540303 4.982901807523205
0.7717244748412311 4.982901807523205
0.7722081094284319 4.982901807523205
0.7726917440156327 4.982901807523205
0.7731753786028335 4.982901807523205
0.7736590131900342 4.982901807523205
0.774142647777235 5.031753786028334
0.7746262823644358 5.031753786028334
0.7751099169516366 5.031753786028334
0.7755935515388374 5.031753786028334
0.7760771861260382 5.031753786028334
0.776560820713239 5.031753786028334
0.7770444553004396 5.031753786028334
0.7775280898876404 5.031753786028334
0.7780117244748412 5.031753786028334
0.778495359062042 5.031753786028334
0.7789789936492428 5.0806057645334635
0.7794626282364436 5.0806057645334635
0.7799462628236443 5.0806057645334635
0.7804298974108451 5.0806057645334635
0.7809135319980459 5.0806057645334635
0.7813971665852467 5.0806057645334635
0.7818808011724475 5.0806057645334635
0.7823644357596483 5.0806057645334635
0.7828480703468491 5.0806057645334635
0.7833317049340498 5.0806057645334635
0.7838153395212506 5.129457743038593
0.7842989741084514 5.129457743038593
0.7847826086956522 5.129457743038593
0.785266243282853 5.129457743038593
0.7857498778700538 5.129457743038593
0.7862335124572545 5.129457743038593
0.7867171470444553 5.129457743038593
0.7872007816316561 5.129457743038593
0.7876844162188569 5.129457743038593
0.7881680508060577 5.129457743038593
0.7886516853932585 5.178309721543722
0.7891353199804593 5.178309721543722
0.78961895456766 5.178309721543722
0.7901025891548608 5.178309721543722
0.7905862237420616 5.178309721543722
0.7910698583292624 5.178309721543722
0.7915534929164632 5.178309721543722
0.792037127503664 5.178309721543722
0.7925207620908647 5.178309721543722
0.7930043966780654 5.2271617000488515
0.7934880312652662 5.2271617000488515
0.793971665852467 5.2271617000488515
0.7944553004396678 5.2271617000488515
0.7949389350268686 5.2271617000488515
0.7954225696140694 5.2271617000488515
0.7959062042012701 5.2271617000488515
0.7963898387884709 5.2271617000488515
0.7968734733756717 5.2271617000488515
0.7973571079628725 5.276013678553982
0.7978407425500733 5.276013678553982
0.7983243771372741 5.276013678553982
0.7988080117244749 5.276013678553982
0.7992916463116756 5.276013678553982
0.7997752808988764 5.276013678553982
0.8002589154860772 5.276013678553982
0.800742550073278 5.276013678553982
0.8012261846604788 5.276013678553982
0.8017098192476796 5.324865657059111
0.8021934538348803 5.324865657059111
0.8026770884220811 5.324865657059111
0.8031607230092819 5.324865657059111
0.8036443575964827 5.324865657059111
0.8041279921836835 5.324865657059111
0.8046116267708843 5.324865657059111
0.8050952613580851 5.324865657059111
0.8055788959452858 5.37371763556424
0.8060625305324866 5.37371763556424
0.8065461651196874 5.37371763556424
0.8070297997068882 5.37371763556424
0.807513434294089 5.37371763556424
0.8079970688812897 5.37371763556424
0.8084807034684904 5.37371763556424
0.8089643380556912 5.37371763556424
0.809447972642892 5.42256961406937
0.8099316072300928 5.42256961406937
0.8104152418172936 5.42256961406937
0.8108988764044944 5.42256961406937
0.8113825109916952 5.42256961406937
0.8118661455788959 5.42256961406937
0.8123497801660967 5.42256961406937
0.8128334147532975 5.42256961406937
0.8133170493404983 5.471421592574499
0.8138006839276991 5.471421592574499
0.8142843185148999 5.471421592574499
0.8147679531021006 5.471421592574499
0.8152515876893014 5.471421592574499
0.8157352222765022 5.471421592574499
0.816218856863703 5.471421592574499
0.8167024914509038 5.471421592574499
0.8171861260381046 5.5202735710796285
0.8176697606253054 5.5202735710796285
0.8181533952125061 5.5202735710796285
0.8186370297997069 5.5202735710796285
0.8191206643869077 5.5202735710796285
0.8196042989741085 5.5202735710796285
0.8200879335613093 5.5202735710796285
0.8205715681485101 5.569125549584758
0.8210552027357109 5.569125549584758
0.8215388373229116 5.569125549584758
0.8220224719101124 5.569125549584758
0.8225061064973131 5.569125549584758
0.822989741084514 5.569125549584758
0.8234733756717147 5.569125549584758
0.8239570102589155 5.569125549584758
0.8244406448461162 5.617977528089887
0.824924279433317 5.617977528089887
0.8254079140205178 5.617977528089887
0.8258915486077186 5.617977528089887
0.8263751831949194 5.617977528089887
0.8268588177821202 5.617977528089887
0.827342452369321 5.617977528089887
0.8278260869565217 5.6668295065950165
0.8283097215437225 5.6668295065950165
0.8287933561309233 5.6668295065950165
0.8292769907181241 5.6668295065950165
0.8297606253053249 5.6668295065950165
0.8302442598925257 5.6668295065950165
0.8307278944797264 5.715681485100147
0.8312115290669272 5.715681485100147
0.831695163654128 5.715681485100147
0.8321787982413288 5.715681485100147
0.8326624328285296 5.715681485100147
0.8331460674157304 5.715681485100147
0.8336297020029312 5.715681485100147
0.8341133365901319 5.764533463605276
0.8345969711773327 5.764533463605276
0.8350806057645335 5.764533463605276
0.8355642403517343 5.764533463605276
0.8360478749389351 5.764533463605276
0.8365315095261359 5.764533463605276
0.8370151441133366 5.813385442110405
0.8374987787005373 5.813385442110405
0.8379824132877381 5.813385442110405
0.838466047874939 5.813385442110405
0.8389496824621397 5.813385442110405
0.8394333170493405 5.813385442110405
0.8399169516365413 5.813385442110405
0.840400586223742 5.862237420615535
0.8408842208109428 5.862237420615535
0.8413678553981436 5.862237420615535
0.8418514899853444 5.862237420615535
0.8423351245725452 5.862237420615535
0.842818759159746 5.862237420615535
0.8433023937469468 5.911089399120664
0.8437860283341475 5.911089399120664
0.8442696629213483 5.911089399120664
0.8447532975085491 5.911089399120664
0.8452369320957499 5.911089399120664
0.8457205666829507 5.9599413776257935
0.8462042012701515 5.9599413776257935
0.8466878358573522 5.9599413776257935
0.847171470444553 5.9599413776257935
0.8476551050317538 5.9599413776257935
0.8481387396189546 5.9599413776257935
0.8486223742061554 6.008793356130923
0.8491060087933562 6.008793356130923
0.849589643380557 6.008793356130923
0.8500732779677577 6.008793356130923
0.8505569125549585 6.008793356130923
0.8510405471421593 6.008793356130923
0.8515241817293601 6.057645334636053
0.8520078163165609 6.057645334636053
0.8524914509037617 6.057645334636053
0.8529750854909623 6.057645334636053
0.8534587200781631 6.057645334636053
0.853942354665364 6.106497313141182
0.8544259892525647 6.106497313141182
0.8549096238397655 6.106497313141182
0.8553932584269663 6.106497313141182
0.8558768930141671 6.106497313141182
0.8563605276013678 6.155349291646312
0.8568441621885686 6.155349291646312
0.8573277967757694 6.155349291646312
0.8578114313629702 6.155349291646312
0.858295065950171 6.155349291646312
0.8587787005373718 6.204201270151441
0.8592623351245725 6.204201270151441
0.8597459697117733 6.204201270151441
0.8602296042989741 6.204201270151441
0.8607132388861749 6.204201270151441
0.8611968734733757 6.25305324865657
0.8616805080605765 6.25305324865657
0.8621641426477773 6.25305324865657
0.862647777234978 6.25305324865657
0.8631314118221788 6.25305324865657
0.8636150464093796 6.3019052271617
0.8640986809965804 6.3019052271617
0.8645823155837812 6.3019052271617
0.865065950170982 6.3019052271617
0.8655495847581828 6.3019052271617
0.8660332193453835 6.350757205666829
0.8665168539325843 6.350757205666829
0.8670004885197851 6.350757205666829
0.8674841231069859 6.350757205666829
0.8679677576941867 6.350757205666829
0.8684513922813875 6.3996091841719585
0.8689350268685881 6.3996091841719585
0.8694186614557889 6.3996091841719585
0.8699022960429897 6.3996091841719585
0.8703859306301905 6.448461162677088
0.8708695652173913 6.448461162677088
0.8713531998045921 6.448461162677088
0.8718368343917929 6.448461162677088
0.8723204689789936 6.497313141182218
0.8728041035661944 6.497313141182218
0.8732877381533952 6.497313141182218
0.873771372740596 6.497313141182218
0.8742550073277968 6.497313141182218
0.8747386419149976 6.546165119687347
0.8752222765021983 6.546165119687347
0.8757059110893991 6.546165119687347
0.8761895456765999 6.546165119687347
0.8766731802638007 6.595017098192477
0.8771568148510015 6.595017098192477
0.8776404494382023 6.595017098192477
0.8781240840254031 6.595017098192477
0.8786077186126038 6.643869076697606
0.8790913531998046 6.643869076697606
0.8795749877870054 6.643869076697606
0.8800586223742062 6.643869076697606
0.880542256961407 6.692721055202735
0.8810258915486078 6.692721055202735
0.8815095261358085 6.692721055202735
0.8819931607230093 6.692721055202735
0.8824767953102101 6.741573033707865
0.8829604298974109 6.741573033707865
0.8834440644846117 6.741573033707865
0.8839276990718125 6.790425012212994
0.8844113336590133 6.790425012212994
0.8848949682462139 6.790425012212994
0.8853786028334147 6.790425012212994
0.8858622374206155 6.839276990718124
0.8863458720078163 6.839276990718124
0.8868295065950171 6.839276990718124
0.8873131411822179 6.839276990718124
0.8877967757694186 6.888128969223254
0.8882804103566194 6.888128969223254
0.8887640449438202 6.888128969223254
0.889247679531021 6.936980947728383
0.8897313141182218 6.936980947728383
0.8902149487054226 6.936980947728383
0.8906985832926234 6.936980947728383
0.8911822178798241 6.985832926233512
0.8916658524670249 6.985832926233512
0.8921494870542257 6.985832926233512
0.8926331216414265 7.034684904738642
0.8931167562286273 7.034684904738642
0.8936003908158281 7.034684904738642
0.8940840254030289 7.083536883243771
0.8945676599902296 7.083536883243771
0.8950512945774304 7.083536883243771
0.8955349291646312 7.1323888617489
0.896018563751832 7.1323888617489
0.8965021983390328 7.1323888617489
0.8969858329262336 7.1323888617489
0.8974694675134343 7.18124084025403
0.8979531021006351 7.18124084025403
0.8984367366878359 7.18124084025403
0.8989203712750367 7.230092818759159
0.8994040058622375 7.230092818759159
0.8998876404494383 7.230092818759159
0.900371275036639 7.278944797264289
0.9008549096238397 7.278944797264289
0.9013385442110405 7.278944797264289
0.9018221787982413 7.327796775769419
0.9023058133854421 7.327796775769419
0.9027894479726429 7.376648754274548
0.9032730825598437 7.376648754274548
0.9037567171470444 7.376648754274548
0.9042403517342452 7.425500732779677
0.904723986321446 7.425500732779677
0.9052076209086468 7.425500732779677
0.9056912554958476 7.474352711284807
0.9061748900830484 7.474352711284807
0.9066585246702492 7.474352711284807
0.9071421592574499 7.523204689789936
0.9076257938446507 7.523204689789936
0.9081094284318515 7.572056668295065
0.9085930630190523 7.572056668295065
0.9090766976062531 7.572056668295065
0.9095603321934539 7.620908646800196
0.9100439667806546 7.620908646800196
0.9105276013678554 7.669760625305325
0.9110112359550562 7.669760625305325
0.911494870542257 7.669760625305325
0.9119785051294578 7.718612603810454
0.9124621397166586 7.718612603810454
0.9129457743038594 7.767464582315584
0.9134294088910601 7.767464582315584
0.9139130434782609 7.767464582315584
0.9143966780654617 7.816316560820713
0.9148803126526625 7.816316560820713
0.9153639472398633 7.865168539325842
0.915847581827064 7.865168539325842
0.9163312164142648 7.914020517830972
0.9168148510014655 7.914020517830972
0.9172984855886663 7.962872496336101
0.9177821201758671 7.962872496336101
0.9182657547630679 7.962872496336101
0.9187493893502687 8.01172447484123
0.9192330239374695 8.01172447484123
0.9197166585246702 8.06057645334636
0.920200293111871 8.06057645334636
0.9206839276990718 8.109428431851489
0.9211675622862726 8.109428431851489
0.9216511968734734 8.15828041035662
0.9221348314606742 8.15828041035662
0.922618466047875 8.207132388861748
0.9231021006350757 8.207132388861748
0.9235857352222765 8.255984367366878
0.9240693698094773 8.255984367366878
0.9245530043966781 8.304836345872008
0.9250366389838789 8.304836345872008
0.9255202735710797 8.353688324377137
0.9260039081582804 8.353688324377137
0.9264875427454812 8.402540302882267
0.926971177332682 8.402540302882267
0.9274548119198828 8.451392281387395
0.9279384465070836 8.500244259892526
0.9284220810942844 8.500244259892526
0.9289057156814852 8.549096238397654
0.9293893502686859 8.549096238397654
0.9298729848558867 8.597948216902784
0.9303566194430875 8.597948216902784
0.9308402540302882 8.646800195407915
0.931323888617489 8.695652173913043
0.9318075232046898 8.695652173913043
0.9322911577918905 8.744504152418173
0.9327747923790913 8.744504152418173
0.9332584269662921 8.793356130923302
0.9337420615534929 8.842208109428432
0.9342256961406937 8.842208109428432
0.9347093307278945 8.89106008793356
0.9351929653150953 8.93991206643869
0.935676599902296 8.93991206643869
0.9361602344894968 8.98876404494382
0.9366438690766976 9.03761602344895
0.9371275036638984 9.03761602344895
0.9376111382510992 9.08646800195408
0.9380947728383 9.135319980459208
0.9385784074255008 9.135319980459208
0.9390620420127015 9.184171958964338
0.9395456765999023 9.233023937469467
0.9400293111871031 9.281875915974597
0.9405129457743039 9.281875915974597
0.9409965803615047 9.330727894479725
0.9414802149487055 9.379579872984856
0.9419638495359062 9.428431851489986
0.942447484123107 9.428431851489986
0.9429311187103078 9.477283829995114
0.9434147532975086 9.526135808500245
0.9438983878847094 9.574987787005373
0.9443820224719102 9.623839765510503
0.944865657059111 9.623839765510503
0.9453492916463117 9.672691744015632
0.9458329262335124 9.721543722520762
0.9463165608207132 9.77039570102589
0.946800195407914 9.81924767953102
0.9472838299951148 9.86809965803615
0.9477674645823156 9.91695163654128
0.9482510991695163 9.96580361504641
0.9487347337567171 9.96580361504641
0.9492183683439179 10.014655593551538
0.9497020029311187 10.063507572056668
0.9501856375183195 10.112359550561797
0.9506692721055203 10.161211529066927
0.9511529066927211 10.210063507572057
0.9516365412799218 10.258915486077186
0.9521201758671226 10.307767464582316
0.9526038104543234 10.356619443087444
0.9530874450415242 10.405471421592575
0.953571079628725 10.503175378602833
0.9540547142159258 10.552027357107963
0.9545383488031265 10.600879335613092
0.9550219833903273 10.649731314118222
0.9555056179775281 10.69858329262335
0.9559892525647289 10.74743527112848
0.9564728871519297 10.79628724963361
0.9569565217391305 10.893991206643868
0.9574401563263313 10.942843185148998
0.957923790913532 10.991695163654128
0.9584074255007328 11.040547142159257
0.9588910600879336 11.138251099169516
0.9593746946751344 11.187103077674646
0.9598583292623352 11.235955056179774
0.960341963849536 11.333659013190033
0.9608255984367366 11.382510991695163
0.9613092330239374 11.431362970200293
0.9617928676111382 11.529066927210552
0.962276502198339 11.57791890571568
0.9627601367855398 11.67562286272594
0.9632437713727406 11.72447484123107
0.9637274059599414 11.822178798241328
0.9642110405471421 11.919882755251587
0.9646946751343429 11.968734733756717
0.9651783097215437 12.066438690766976
0.9656619443087445 12.164142647777235
0.9661455788959453 12.212994626282365
0.9666292134831461 12.310698583292623
0.9671128480703469 12.408402540302882
0.9675964826575476 12.50610649731314
0.9680801172447484 12.6038104543234
0.9685637518319492 12.701514411333658
0.96904738641915 12.750366389838788
0.9695310210063508 12.896922325354176
0.9700146555935516 12.994626282364436
0.9704982901807523 13.092330239374695
0.9709819247679531 13.190034196384953
0.9714655593551539 13.287738153395212
0.9719491939423547 13.38544211040547
0.9724328285295555 13.53199804592086
0.9729164631167563 13.629702002931118
0.9734000977039571 13.776257938446507
0.9738837322911578 13.873961895456766
0.9743673668783586 14.020517830972153
0.9748510014655594 14.167073766487542
0.9753346360527602 14.2647777234978
0.975818270639961 14.41133365901319
0.9763019052271618 14.557889594528579
0.9767855398143624 14.704445530043966
0.9772691744015632 14.851001465559355
0.977752808988764 15.046409379579872
0.9782364435759648 15.192965315095261
0.9787200781631656 15.33952125061065
0.9792037127503664 15.534929164631167
0.9796873473375672 15.730337078651685
0.9801709819247679 15.925744992672202
0.9806546165119687 16.12115290669272
0.9811382510991695 16.31656082071324
0.9816218856863703 16.511968734733756
0.9821055202735711 16.707376648754273
0.9825891548607719 16.95163654127992
0.9830727894479726 17.19589643380557
0.9835564240351734 17.440156326331216
0.9840400586223742 17.684416218856864
0.984523693209575 17.97752808988764
0.9850073277967758 18.270639960918416
0.9854909623839766 18.563751831949194
0.9859745969711774 18.85686370297997
0.9864582315583781 19.198827552515876
0.9869418661455789 19.54079140205178
0.9874255007327797 19.93160723009282
0.9879091353199805 20.322423058133854
0.9883927699071813 20.71323888617489
0.9888764044943821 21.152906692721054
0.9893600390815829 21.64142647777235
0.9898436736687836 22.129946262823644
0.9903273082559844 22.667318026380066
0.9908109428431852 23.25354176844162
0.991294577430386 23.888617489008304
0.9917782120175868 24.621397166585247
0.9922618466047876 25.354176844162186
0.9927454811919882 26.18466047874939
0.993229115779189 27.11284807034685
0.9937127503663898 28.089887640449437
0.9941963849535906 29.262335124572544
0.9946800195407914 30.63019052271617
0.9951636541279922 32.095749877870055
0.995647288715193 34.04982901807523
0.9961309233023937 36.05276013678554
0.9966145578895945 100.0
0.9970981924767953 100.0
0.9975818270639961 100.0
0.9980654616511969 100.0
0.9985490962383977 100.0
0.9990327308255984 100.0
0.9995163654127992 100.0
1.0 100.0
