0.02 113.41000000023992
0.04 56.88000000021606
0.060000000000000005 38.040000000219806
0.08 28.63000000022048
0.09999999999999999 22.54000000021953
0.11999999999999998 19.210000000219008
0.13999999999999999 16.28000000021855
0.16 13.46000000021856
0.18000000000000002 12.860000000218573
0.20000000000000004 10.490000000218624
0.22000000000000006 10.270000000218628
0.24000000000000007 7.670000000218684
0.26000000000000006 7.610000000218685
0.2800000000000001 7.530000000218687
0.3000000000000001 7.420000000218689
0.3200000000000001 7.260000000218692
0.34000000000000014 6.940000000218699
0.36000000000000015 4.850000000218744
0.38000000000000017 4.850000000218744
0.4000000000000002 4.840000000218744
0.4200000000000002 4.840000000218744
0.4400000000000002 4.820000000218744
0.46000000000000024 4.800000000218745
0.48000000000000026 4.760000000218746
0.5000000000000002 4.7200000002187465
0.5200000000000002 4.660000000218748
0.5400000000000003 4.57000000021875
0.5600000000000003 4.450000000218752
0.5800000000000003 4.250000000218757
0.6 2.3599999999996673
0.62 2.409999999999666
0.64 2.459999999999665
0.66 2.519999999999664
0.68 2.5699999999996628
0.7000000000000001 2.6399999999996613
0.7200000000000001 2.69999999999966
0.7400000000000001 2.7699999999996585
0.7600000000000001 2.839999999999657
0.7800000000000001 2.9099999999996555
0.8000000000000002 2.989999999999654
0.8200000000000002 3.069999999999652
0.8400000000000002 3.1499999999996504
0.8600000000000002 3.2299999999996487
0.8800000000000002 3.319999999999647
0.9000000000000002 3.409999999999645
0.9200000000000003 3.499999999999643
0.9400000000000003 3.599999999999641
0.9600000000000003 3.6999999999996387
0.9800000000000003 3.7899999999996368
1.0 3.8799999999999613
1.02 3.989999999999959
1.04 4.089999999999957
1.06 4.189999999999955
1.08 4.289999999999953
1.1 4.399999999999951
1.12 4.4999999999999485
1.1400000000000001 4.609999999999946
1.1600000000000001 4.709999999999944
1.1800000000000002 4.809999999999942
1.2000000000000002 4.9199999999999395
1.2200000000000002 5.019999999999937
1.2400000000000002 5.119999999999935
1.2600000000000002 5.229999999999933
1.2800000000000002 5.329999999999931
1.3000000000000003 5.429999999999929
1.3200000000000003 5.5299999999999265
1.3400000000000003 5.629999999999924
1.3600000000000003 5.739999999999922
1.3800000000000003 5.83999999999992
1.4000000000000004 5.939999999999918
1.4200000000000004 6.039999999999916
1.4400000000000004 6.1399999999999135
1.4600000000000004 6.239999999999911
1.4800000000000004 6.339999999999909
1.5000000000000004 6.439999999999907
1.5200000000000005 6.539999999999905
1.5400000000000005 6.629999999999903
1.5600000000000005 6.729999999999901
1.5800000000000005 6.829999999999899
1.6000000000000005 6.929999999999897
1.6200000000000006 7.0299999999998946
1.6400000000000006 7.129999999999892
1.6600000000000006 7.2199999999998905
1.6800000000000006 7.319999999999888
1.7000000000000006 7.419999999999886
1.7200000000000006 7.519999999999884
1.7400000000000007 7.609999999999882
1.7600000000000007 7.70999999999988
1.7800000000000007 7.809999999999878
1.8000000000000007 7.899999999999876
1.8200000000000007 7.999999999999874
1.8400000000000007 8.099999999999872
1.8600000000000008 8.18999999999987
1.8800000000000008 8.289999999999868
1.9000000000000008 8.389999999999866
1.9200000000000008 8.479999999999864
1.9400000000000008 8.579999999999862
1.9600000000000009 8.66999999999986
1.9800000000000009 8.769999999999857
2.000000000000001 8.869999999999855
2.0200000000000005 8.959999999999853
2.04 9.059999999999851
2.0599999999999996 9.14999999999985
2.079999999999999 9.249999999999847
2.0999999999999988 9.339999999999845
2.1199999999999983 9.439999999999843
2.139999999999998 9.529999999999841
2.1599999999999975 9.62999999999984
2.179999999999997 9.729999999999837
2.1999999999999966 9.819999999999835
2.219999999999996 9.919999999999833
2.2399999999999958 10.009999999999831
2.2599999999999953 10.109999999999829
2.279999999999995 10.199999999999827
2.2999999999999945 10.299999999999825
2.319999999999994 10.389999999999823
2.3399999999999936 10.479999999999821
2.359999999999993 10.579999999999819
2.379999999999993 10.669999999999817
2.3999999999999924 10.769999999999815
2.419999999999992 10.859999999999813
2.4399999999999915 10.95999999999981
2.459999999999991 11.049999999999809
2.4799999999999907 11.149999999999807
2.4999999999999902 11.239999999999805
2.51999999999999 11.339999999999803
2.5399999999999894 11.4299999999998
2.559999999999989 11.519999999999799
2.5799999999999885 11.619999999999797
2.599999999999988 11.709999999999795
2.6199999999999877 11.809999999999793
2.6399999999999872 11.89999999999979
2.659999999999987 11.989999999999789
2.6799999999999864 12.089999999999787
2.699999999999986 12.179999999999785
2.7199999999999855 12.279999999999783
2.739999999999985 12.36999999999978
2.7599999999999847 12.459999999999779
2.7799999999999843 12.559999999999777
2.799999999999984 12.649999999999775
2.8199999999999834 12.749999999999773
2.839999999999983 12.83999999999977
2.8599999999999826 12.929999999999769
2.879999999999982 13.029999999999767
2.8999999999999817 13.119999999999765
2.9199999999999813 13.209999999999763
2.939999999999981 13.30999999999976
2.9599999999999804 13.399999999999759
2.97999999999998 13.499999999999757
2.9999999999999796 13.589999999999755
3.019999999999979 13.679999999999753
3.0399999999999787 13.77999999999975
3.0599999999999783 13.869999999999749
3.079999999999978 13.959999999999747
3.0999999999999774 14.059999999999745
3.119999999999977 14.149999999999743
3.1399999999999766 14.23999999999974
3.159999999999976 14.339999999999739
3.1799999999999757 14.429999999999737
3.1999999999999753 14.519999999999735
3.219999999999975 14.619999999999733
3.2399999999999745 14.70999999999973
3.259999999999974 14.809999999999729
3.2799999999999736 14.899999999999727
3.299999999999973 14.989999999999725
3.3199999999999728 15.089999999999723
3.3399999999999723 15.17999999999972
3.359999999999972 15.269999999999719
3.3799999999999715 15.369999999999717
3.399999999999971 15.459999999999715
3.4199999999999706 15.549999999999713
3.43999999999997 15.639999999999711
3.4599999999999698 15.739999999999709
3.4799999999999693 15.829999999999707
3.499999999999969 15.919999999999705
3.5199999999999685 16.019999999999705
3.539999999999968 16.10999999999972
3.5599999999999676 16.199999999999733
3.579999999999967 16.29999999999975
3.599999999999967 16.389999999999763
3.6199999999999664 16.479999999999777
3.639999999999966 16.579999999999792
3.6599999999999655 16.669999999999806
3.679999999999965 16.75999999999982
3.6999999999999647 16.859999999999836
3.7199999999999642 16.94999999999985
3.739999999999964 17.039999999999864
3.7599999999999634 17.13999999999988
3.779999999999963 17.229999999999894
3.7999999999999625 17.319999999999908
3.819999999999962 17.409999999999922
3.8399999999999617 17.509999999999938
3.8599999999999612 17.59999999999995
3.879999999999961 17.689999999999966
3.8999999999999604 17.78999999999998
3.91999999999996 17.879999999999995
3.9399999999999595 17.97000000000001
3.959999999999959 18.070000000000025
3.9799999999999587 18.16000000000004
3.9999999999999583 18.250000000000053
4.019999999999958 18.340000000000067
4.039999999999957 18.440000000000083
4.059999999999957 18.530000000000097
4.0799999999999566 18.62000000000011
4.099999999999956 18.720000000000127
4.119999999999956 18.81000000000014
4.139999999999955 18.900000000000155
4.159999999999955 18.99000000000017
4.179999999999954 19.090000000000185
4.199999999999954 19.1800000000002
4.219999999999954 19.270000000000213
4.239999999999953 19.37000000000023
4.259999999999953 19.460000000000242
4.279999999999952 19.550000000000257
4.299999999999952 19.64000000000027
4.319999999999951 19.740000000000286
4.339999999999951 19.8300000000003
4.359999999999951 19.920000000000314
4.37999999999995 20.02000000000033
4.39999999999995 20.110000000000344
4.419999999999949 20.200000000000358
4.439999999999949 20.290000000000372
4.4599999999999485 20.390000000000388
4.479999999999948 20.480000000000402
4.499999999999948 20.570000000000416
4.519999999999947 20.67000000000043
4.539999999999947 20.760000000000446
4.559999999999946 20.85000000000046
4.579999999999946 20.940000000000474
4.5999999999999455 21.04000000000049
4.619999999999945 21.130000000000503
4.639999999999945 21.220000000000518
4.659999999999944 21.31000000000053
4.679999999999944 21.410000000000547
4.699999999999943 21.50000000000056
4.719999999999943 21.590000000000575
4.7399999999999425 21.69000000000059
4.759999999999942 21.780000000000605
4.779999999999942 21.87000000000062
4.799999999999941 21.960000000000633
4.819999999999941 22.06000000000065
4.83999999999994 22.150000000000663
4.85999999999994 22.240000000000677
4.8799999999999395 22.33000000000069
4.899999999999939 22.430000000000707
4.919999999999939 22.52000000000072
4.939999999999938 22.610000000000735
4.959999999999938 22.70000000000075
4.979999999999937 22.800000000000765
4.999999999999937 22.89000000000078
5.0199999999999365 22.980000000000793
5.039999999999936 23.08000000000081
5.059999999999936 23.170000000000822
5.079999999999935 23.260000000000836
5.099999999999935 23.35000000000085
5.119999999999934 23.450000000000866
5.139999999999934 23.54000000000088
5.1599999999999335 23.630000000000894
5.179999999999933 23.72000000000091
5.199999999999933 23.820000000000924
5.219999999999932 23.910000000000938
5.239999999999932 24.000000000000952
5.259999999999931 24.090000000000966
5.279999999999931 24.190000000000982
5.2999999999999305 24.280000000000996
5.31999999999993 24.37000000000101
5.33999999999993 24.460000000001024
5.359999999999929 24.56000000000104
5.379999999999929 24.650000000001054
5.399999999999928 24.740000000001068
5.419999999999928 24.830000000001082
5.439999999999928 24.930000000001098
5.459999999999927 25.02000000000111
5.479999999999927 25.110000000001126
5.499999999999926 25.20000000000114
5.519999999999926 25.300000000001155
5.539999999999925 25.39000000000117
5.559999999999925 25.480000000001183
5.579999999999925 25.570000000001198
5.599999999999924 25.670000000001213
5.619999999999924 25.760000000001227
5.639999999999923 25.85000000000124
5.659999999999923 25.940000000001255
5.6799999999999224 26.04000000000127
5.699999999999922 26.130000000001285
5.719999999999922 26.2200000000013
5.739999999999921 26.310000000001313
5.759999999999921 26.41000000000133
5.77999999999992 26.500000000001343
5.79999999999992 26.590000000001357
5.8199999999999195 26.68000000000137
5.839999999999919 26.780000000001387
5.859999999999919 26.8700000000014
5.879999999999918 26.960000000001415
5.899999999999918 27.05000000000143
5.919999999999917 27.150000000001445
5.939999999999917 27.24000000000146
5.9599999999999165 27.330000000001473
5.979999999999916 27.420000000001487
5.999999999999916 27.520000000001502
6.019999999999915 27.610000000001516
6.039999999999915 27.70000000000153
6.059999999999914 27.790000000001545
6.079999999999914 27.89000000000156
6.0999999999999135 27.980000000001574
6.119999999999913 28.07000000000159
6.139999999999913 28.160000000001602
6.159999999999912 28.260000000001618
6.179999999999912 28.350000000001632
6.199999999999911 28.440000000001646
6.219999999999911 28.53000000000166
6.2399999999999105 28.630000000001676
6.25999999999991 28.72000000000169
6.27999999999991 28.810000000001704
6.299999999999909 28.900000000001718
6.319999999999909 29.000000000001734
6.339999999999908 29.090000000001748
6.359999999999908 29.180000000001762
6.3799999999999075 29.270000000001776
6.399999999999907 29.37000000000179
6.419999999999907 29.460000000001806
6.439999999999906 29.55000000000182
6.459999999999906 29.640000000001834
6.479999999999905 29.74000000000185
6.499999999999905 29.830000000001863
6.5199999999999045 29.920000000001878
6.539999999999904 30.01000000000189
6.559999999999904 30.110000000001907
6.579999999999903 30.20000000000192
6.599999999999903 30.290000000001935
6.619999999999902 30.38000000000195
6.639999999999902 30.470000000001964
6.6599999999999016 30.57000000000198
6.679999999999901 30.660000000001993
6.699999999999901 30.750000000002007
6.7199999999999 30.84000000000202
6.7399999999999 30.940000000002037
6.759999999999899 31.03000000000205
6.779999999999899 31.120000000002065
6.799999999999899 31.21000000000208
6.819999999999898 31.310000000002095
6.839999999999898 31.40000000000211
6.859999999999897 31.490000000002123
6.879999999999897 31.580000000002137
6.899999999999896 31.680000000002153
6.919999999999896 31.770000000002167
6.939999999999896 31.86000000000218
6.959999999999895 31.950000000002195
6.979999999999895 32.05000000000219
6.999999999999894 32.140000000002175
7.019999999999894 32.23000000000216
7.0399999999998935 32.32000000000214
7.059999999999893 32.41000000000212
7.079999999999893 32.5100000000021
7.099999999999892 32.60000000000208
7.119999999999892 32.690000000002065
7.139999999999891 32.78000000000205
7.159999999999891 32.88000000000203
7.1799999999998905 32.97000000000201
7.19999999999989 33.06000000000199
7.21999999999989 33.150000000001974
7.239999999999889 33.250000000001954
7.259999999999889 33.340000000001936
7.279999999999888 33.43000000000192
7.299999999999888 33.5200000000019
7.3199999999998875 33.62000000000188
7.339999999999887 33.71000000000186
7.359999999999887 33.800000000001845
7.379999999999886 33.89000000000183
7.399999999999886 33.98000000000181
7.419999999999885 34.08000000000179
7.439999999999885 34.17000000000177
7.4599999999998845 34.26000000000175
7.479999999999884 34.350000000001735
7.499999999999884 34.450000000001715
7.519999999999883 34.5400000000017
7.539999999999883 34.63000000000168
7.559999999999882 34.72000000000166
7.579999999999882 34.82000000000164
7.5999999999998815 34.910000000001624
7.619999999999881 35.000000000001606
7.639999999999881 35.09000000000159
7.65999999999988 35.19000000000157
7.67999999999988 35.28000000000155
7.699999999999879 35.37000000000153
7.719999999999879 35.460000000001514
7.7399999999998785 35.550000000001496
7.759999999999878 35.65000000000148
7.779999999999878 35.74000000000146
7.799999999999877 35.83000000000144
7.819999999999877 35.92000000000142
7.839999999999876 36.0200000000014
7.859999999999876 36.110000000001385
7.8799999999998755 36.20000000000137
7.899999999999875 36.29000000000135
7.919999999999875 36.39000000000133
7.939999999999874 36.48000000000131
7.959999999999874 36.57000000000129
7.979999999999873 36.660000000001276
7.999999999999873 36.75000000000126
8.019999999999873 36.85000000000124
8.039999999999873 36.94000000000122
8.059999999999873 37.0300000000012
8.079999999999872 37.120000000001184
8.099999999999872 37.220000000001164
8.119999999999871 37.310000000001146
8.139999999999871 37.40000000000113
8.15999999999987 37.49000000000111
8.17999999999987 37.59000000000109
8.19999999999987 37.68000000000107
8.21999999999987 37.770000000001055
8.239999999999869 37.86000000000104
8.259999999999868 37.95000000000102
8.279999999999868 38.050000000001
8.299999999999867 38.14000000000098
8.319999999999867 38.23000000000096
8.339999999999867 38.320000000000945
8.359999999999866 38.420000000000925
8.379999999999866 38.51000000000091
8.399999999999865 38.60000000000089
8.419999999999865 38.69000000000087
8.439999999999864 38.79000000000085
8.459999999999864 38.880000000000834
8.479999999999864 38.970000000000816
8.499999999999863 39.0600000000008
8.519999999999863 39.15000000000078
8.539999999999862 39.25000000000076
8.559999999999862 39.34000000000074
8.579999999999862 39.430000000000724
8.599999999999861 39.52000000000071
8.61999999999986 39.62000000000069
8.63999999999986 39.71000000000067
8.65999999999986 39.80000000000065
8.67999999999986 39.89000000000063
8.699999999999859 39.980000000000615
8.719999999999859 40.080000000000595
8.739999999999858 40.17000000000058
8.759999999999858 40.26000000000056
8.779999999999857 40.35000000000054
8.799999999999857 40.45000000000052
8.819999999999856 40.540000000000504
8.839999999999856 40.630000000000486
8.859999999999856 40.72000000000047
8.879999999999855 40.82000000000045
8.899999999999855 40.91000000000043
8.919999999999854 41.00000000000041
8.939999999999854 41.090000000000394
8.959999999999853 41.180000000000376
8.979999999999853 41.280000000000356
8.999999999999853 41.37000000000034
9.019999999999852 41.46000000000032
9.039999999999852 41.5500000000003
9.059999999999851 41.65000000000028
9.07999999999985 41.740000000000265
9.09999999999985 41.83000000000025
9.11999999999985 41.92000000000023
9.13999999999985 42.01000000000021
9.15999999999985 42.11000000000019
9.179999999999849 42.20000000000017
9.199999999999848 42.290000000000155
9.219999999999848 42.38000000000014
9.239999999999847 42.48000000000012
9.259999999999847 42.5700000000001
9.279999999999847 42.66000000000008
9.299999999999846 42.750000000000064
9.319999999999846 42.850000000000044
9.339999999999845 42.940000000000026
9.359999999999845 43.03000000000001
9.379999999999844 43.11999999999999
9.399999999999844 43.20999999999997
9.419999999999844 43.30999999999995
9.439999999999843 43.399999999999935
9.459999999999843 43.48999999999992
9.479999999999842 43.5799999999999
9.499999999999842 43.67999999999988
9.519999999999841 43.76999999999986
9.539999999999841 43.85999999999984
9.55999999999984 43.949999999999825
9.57999999999984 44.03999999999981
9.59999999999984 44.13999999999979
9.61999999999984 44.22999999999977
9.639999999999839 44.31999999999975
9.659999999999838 44.409999999999734
9.679999999999838 44.509999999999714
9.699999999999838 44.599999999999696
9.719999999999837 44.68999999999968
9.739999999999837 44.77999999999966
9.759999999999836 44.86999999999964
9.779999999999836 44.96999999999962
9.799999999999836 45.059999999999604
9.819999999999835 45.14999999999959
9.839999999999835 45.23999999999957
9.859999999999834 45.33999999999955
9.879999999999834 45.42999999999953
9.899999999999833 45.51999999999951
9.919999999999833 45.609999999999495
9.939999999999833 45.69999999999948
9.959999999999832 45.79999999999946
9.979999999999832 45.88999999999944
9.999999999999831 45.97999999999942
10.01999999999983 46.0699999999994
10.03999999999983 46.16999999999938
10.05999999999983 46.259999999999366
10.07999999999983 46.34999999999935
10.09999999999983 46.43999999999933
10.119999999999829 46.52999999999931
10.139999999999828 46.62999999999929
10.159999999999828 46.719999999999274
10.179999999999827 46.809999999999256
10.199999999999827 46.89999999999924
10.219999999999827 46.99999999999922
10.239999999999826 47.0899999999992
10.259999999999826 47.17999999999918
10.279999999999825 47.269999999999165
10.299999999999825 47.35999999999915
10.319999999999824 47.45999999999913
10.339999999999824 47.54999999999911
10.359999999999824 47.63999999999909
10.379999999999823 47.72999999999907
10.399999999999823 47.82999999999905
10.419999999999822 47.919999999999035
10.439999999999822 48.00999999999902
10.459999999999821 48.099999999999
10.479999999999821 48.18999999999898
10.49999999999982 48.28999999999896
10.51999999999982 48.379999999998944
10.53999999999982 48.469999999998926
10.55999999999982 48.55999999999891
10.579999999999819 48.65999999999889
10.599999999999818 48.74999999999887
10.619999999999818 48.83999999999885
10.639999999999818 48.929999999998834
10.659999999999817 49.01999999999882
10.679999999999817 49.1199999999988
10.699999999999816 49.20999999999878
10.719999999999816 49.29999999999876
10.739999999999815 49.38999999999874
10.759999999999815 49.48999999999872
10.779999999999815 49.579999999998705
10.799999999999814 49.66999999999869
10.819999999999814 49.75999999999867
10.839999999999813 49.84999999999865
10.859999999999813 49.94999999999863
10.879999999999812 50.039999999998614
10.899999999999812 50.129999999998596
10.919999999999812 50.21999999999858
10.939999999999811 50.31999999999856
10.95999999999981 50.40999999999854
10.97999999999981 50.49999999999852
10.99999999999981 50.589999999998504
11.01999999999981 50.679999999998486
11.039999999999809 50.779999999998466
11.059999999999809 50.86999999999845
11.079999999999808 50.95999999999843
11.099999999999808 51.04999999999841
11.119999999999807 51.14999999999839
11.139999999999807 51.239999999998375
11.159999999999807 51.32999999999836
11.179999999999806 51.41999999999834
11.199999999999806 51.50999999999832
11.219999999999805 51.6099999999983
11.239999999999805 51.69999999999828
11.259999999999804 51.789999999998265
11.279999999999804 51.87999999999825
11.299999999999804 51.97999999999823
11.319999999999803 52.06999999999821
11.339999999999803 52.15999999999819
11.359999999999802 52.249999999998174
11.379999999999802 52.339999999998156
11.399999999999801 52.439999999998136
11.419999999999801 52.52999999999812
11.4399999999998 52.6199999999981
11.4599999999998 52.70999999999808
11.4799999999998 52.80999999999806
11.4999999999998 52.899999999998045
11.519999999999799 52.98999999999803
11.539999999999798 53.07999999999801
11.559999999999798 53.16999999999799
11.579999999999798 53.26999999999797
11.599999999999797 53.35999999999795
11.619999999999797 53.449999999997935
11.639999999999796 53.53999999999792
11.659999999999796 53.6399999999979
11.679999999999795 53.72999999999788
11.699999999999795 53.81999999999786
11.719999999999795 53.909999999997844
11.739999999999794 53.999999999997826
11.759999999999794 54.099999999997806
11.779999999999793 54.18999999999779
11.799999999999793 54.27999999999777
11.819999999999792 54.36999999999775
11.839999999999792 54.46999999999773
11.859999999999792 54.559999999997714
11.879999999999791 54.649999999997696
11.89999999999979 54.73999999999768
11.91999999999979 54.82999999999766
11.93999999999979 54.92999999999764
11.95999999999979 55.01999999999762
11.979999999999789 55.109999999997605
11.999999999999789 55.19999999999759
12.019999999999788 55.28999999999757
12.039999999999788 55.38999999999755
12.059999999999787 55.47999999999753
12.079999999999787 55.56999999999751
12.099999999999786 55.659999999997495
12.119999999999786 55.759999999997476
12.139999999999786 55.84999999999746
12.159999999999785 55.93999999999744
12.179999999999785 56.02999999999742
12.199999999999784 56.119999999997404
12.219999999999784 56.219999999997384
12.239999999999783 56.309999999997366
12.259999999999783 56.39999999999735
12.279999999999783 56.48999999999733
12.299999999999782 56.58999999999731
12.319999999999782 56.67999999999729
12.339999999999781 56.769999999997275
12.359999999999781 56.85999999999726
12.37999999999978 56.94999999999724
12.39999999999978 57.04999999999722
12.41999999999978 57.1399999999972
12.43999999999978 57.22999999999718
12.459999999999779 57.319999999997165
12.479999999999778 57.419999999997145
12.499999999999778 57.50999999999713
12.519999999999778 57.59999999999711
12.539999999999777 57.68999999999709
12.559999999999777 57.779999999997074
12.579999999999776 57.879999999997054
12.599999999999776 57.969999999997036
12.619999999999775 58.05999999999702
12.639999999999775 58.149999999997
12.659999999999775 58.23999999999698
12.679999999999774 58.33999999999696
12.699999999999774 58.429999999996944
12.719999999999773 58.51999999999693
12.739999999999773 58.60999999999691
12.759999999999772 58.70999999999689
12.779999999999772 58.79999999999687
12.799999999999772 58.88999999999685
12.819999999999771 58.979999999996835
12.83999999999977 59.06999999999682
12.85999999999977 59.1699999999968
12.87999999999977 59.25999999999678
12.89999999999977 59.34999999999676
12.919999999999769 59.43999999999674
12.939999999999769 59.53999999999672
12.959999999999768 59.629999999996706
12.979999999999768 59.71999999999669
12.999999999999767 59.80999999999667
13.019999999999767 59.89999999999665
13.039999999999766 59.99999999999663
13.059999999999766 60.089999999996614
13.079999999999766 60.179999999996596
13.099999999999765 60.26999999999658
13.119999999999765 60.36999999999656
13.139999999999764 60.45999999999654
13.159999999999764 60.54999999999652
13.179999999999763 60.639999999996505
13.199999999999763 60.72999999999649
13.219999999999763 60.82999999999647
13.239999999999762 60.91999999999645
13.259999999999762 61.00999999999643
13.279999999999761 61.09999999999641
13.299999999999761 61.189999999996395
13.31999999999976 61.289999999996375
13.33999999999976 61.37999999999636
13.35999999999976 61.46999999999634
13.37999999999976 61.55999999999632
13.399999999999759 61.6599999999963
13.419999999999758 61.749999999996284
13.439999999999758 61.839999999996266
13.459999999999757 61.92999999999625
13.479999999999757 62.01999999999623
13.499999999999757 62.11999999999621
13.519999999999756 62.20999999999619
13.539999999999756 62.299999999996174
13.559999999999755 62.38999999999616
13.579999999999755 62.48999999999614
13.599999999999755 62.57999999999612
13.619999999999754 62.6699999999961
13.639999999999754 62.75999999999608
13.659999999999753 62.849999999996065
13.679999999999753 62.949999999996045
13.699999999999752 63.03999999999603
13.719999999999752 63.12999999999601
13.739999999999752 63.21999999999599
13.759999999999751 63.30999999999597
13.77999999999975 63.409999999995954
13.79999999999975 63.499999999995936
13.81999999999975 63.58999999999592
13.83999999999975 63.6799999999959
13.859999999999749 63.77999999999588
13.879999999999749 63.86999999999586
13.899999999999748 63.959999999995844
13.919999999999748 64.04999999999586
13.939999999999747 64.13999999999591
13.959999999999747 64.23999999999596
13.979999999999746 64.329999999996
13.999999999999746 64.41999999999605
14.019999999999746 64.5099999999961
14.039999999999745 64.60999999999615
14.059999999999745 64.6999999999962
14.079999999999744 64.78999999999624
14.099999999999744 64.87999999999629
14.119999999999743 64.96999999999633
14.139999999999743 65.06999999999638
14.159999999999743 65.15999999999643
14.179999999999742 65.24999999999648
14.199999999999742 65.33999999999652
14.219999999999741 65.42999999999657
14.23999999999974 65.52999999999662
14.25999999999974 65.61999999999666
14.27999999999974 65.70999999999671
14.29999999999974 65.79999999999676
14.31999999999974 65.89999999999681
14.339999999999739 65.98999999999685
14.359999999999738 66.0799999999969
14.379999999999738 66.16999999999695
14.399999999999737 66.25999999999699
14.419999999999737 66.35999999999704
14.439999999999737 66.44999999999709
14.459999999999736 66.53999999999714
14.479999999999736 66.62999999999718
14.499999999999735 66.72999999999723
14.519999999999735 66.81999999999728
14.539999999999734 66.90999999999732
14.559999999999734 66.99999999999737
14.579999999999734 67.08999999999742
14.599999999999733 67.18999999999747
14.619999999999733 67.27999999999751
14.639999999999732 67.36999999999756
14.659999999999732 67.4599999999976
14.679999999999731 67.54999999999765
14.699999999999731 67.6499999999977
14.71999999999973 67.73999999999775
14.73999999999973 67.8299999999978
14.75999999999973 67.91999999999784
14.77999999999973 68.01999999999789
14.799999999999729 68.10999999999794
14.819999999999729 68.19999999999798
14.839999999999728 68.28999999999803
14.859999999999728 68.37999999999808
14.879999999999727 68.47999999999813
14.899999999999727 68.56999999999817
14.919999999999726 68.65999999999822
14.939999999999726 68.74999999999827
14.959999999999726 68.83999999999831
14.979999999999725 68.93999999999836
14.999999999999725 69.02999999999841
15.019999999999724 69.11999999999846
15.039999999999724 69.2099999999985
15.059999999999723 69.30999999999855
15.079999999999723 69.3999999999986
15.099999999999723 69.48999999999864
15.119999999999722 69.57999999999869
15.139999999999722 69.66999999999874
15.159999999999721 69.76999999999879
15.17999999999972 69.85999999999883
15.19999999999972 69.94999999999888
15.21999999999972 70.03999999999893
15.23999999999972 70.13999999999898
15.25999999999972 70.22999999999902
15.279999999999719 70.31999999999907
15.299999999999718 70.40999999999912
15.319999999999718 70.49999999999916
15.339999999999717 70.59999999999921
15.359999999999717 70.68999999999926
15.379999999999717 70.7799999999993
15.399999999999716 70.86999999999935
15.419999999999716 70.9599999999994
15.439999999999715 71.05999999999945
15.459999999999715 71.1499999999995
15.479999999999714 71.23999999999954
15.499999999999714 71.32999999999959
15.519999999999714 71.42999999999964
15.539999999999713 71.51999999999968
15.559999999999713 71.60999999999973
15.579999999999712 71.69999999999978
15.599999999999712 71.78999999999982
15.619999999999711 71.88999999999987
15.639999999999711 71.97999999999992
15.65999999999971 72.06999999999996
15.67999999999971 72.16000000000001
15.69999999999971 72.25000000000006
15.71999999999971 72.35000000000011
15.739999999999709 72.44000000000015
15.759999999999708 72.5300000000002
15.779999999999708 72.62000000000025
15.799999999999708 72.7200000000003
15.819999999999707 72.81000000000034
15.839999999999707 72.90000000000039
15.859999999999706 72.99000000000044
15.879999999999706 73.08000000000048
15.899999999999705 73.18000000000053
15.919999999999705 73.27000000000058
15.939999999999705 73.36000000000062
15.959999999999704 73.45000000000067
15.979999999999704 73.54000000000072
15.999999999999703 73.64000000000077
16.019999999999705 73.73000000000081
16.039999999999708 73.82000000000086
16.05999999999971 73.9100000000009
16.079999999999714 74.01000000000096
16.099999999999717 74.100000000001
16.11999999999972 74.19000000000105
16.139999999999723 74.2800000000011
16.159999999999727 74.37000000000114
16.17999999999973 74.47000000000119
16.199999999999733 74.56000000000124
16.219999999999736 74.65000000000128
16.23999999999974 74.74000000000133
16.259999999999742 74.83000000000138
16.279999999999745 74.93000000000143
16.29999999999975 75.02000000000147
16.31999999999975 75.11000000000152
16.339999999999755 75.20000000000157
16.359999999999758 75.30000000000162
16.37999999999976 75.39000000000166
16.399999999999764 75.48000000000171
16.419999999999767 75.57000000000176
16.43999999999977 75.6600000000018
16.459999999999773 75.76000000000185
16.479999999999777 75.8500000000019
16.49999999999978 75.94000000000194
16.519999999999783 76.03000000000199
16.539999999999786 76.13000000000204
16.55999999999979 76.22000000000209
16.579999999999792 76.31000000000213
16.599999999999795 76.40000000000218
16.6199999999998 76.49000000000223
16.6399999999998 76.59000000000228
16.659999999999805 76.68000000000232
16.679999999999808 76.77000000000237
16.69999999999981 76.86000000000242
16.719999999999814 76.95000000000246
16.739999999999817 77.05000000000251
16.75999999999982 77.14000000000256
16.779999999999824 77.2300000000026
16.799999999999827 77.32000000000265
16.81999999999983 77.4200000000027
16.839999999999833 77.51000000000275
16.859999999999836 77.6000000000028
16.87999999999984 77.69000000000284
16.899999999999842 77.78000000000289
16.919999999999845 77.88000000000294
16.93999999999985 77.97000000000298
16.95999999999985 78.06000000000303
16.979999999999855 78.15000000000308
16.999999999999858 78.24000000000312
17.01999999999986 78.34000000000317
17.039999999999864 78.43000000000322
17.059999999999867 78.52000000000326
17.07999999999987 78.61000000000331
17.099999999999874 78.71000000000336
17.119999999999877 78.80000000000341
17.13999999999988 78.89000000000345
17.159999999999883 78.9800000000035
17.179999999999886 79.07000000000355
17.19999999999989 79.1700000000036
17.219999999999892 79.26000000000364
17.239999999999895 79.35000000000369
17.2599999999999 79.44000000000374
17.2799999999999 79.53000000000378
17.299999999999905 79.63000000000383
17.319999999999908 79.72000000000388
17.33999999999991 79.81000000000392
17.359999999999914 79.90000000000397
17.379999999999917 80.00000000000402
17.39999999999992 80.09000000000407
17.419999999999924 80.18000000000411
17.439999999999927 80.27000000000416
17.45999999999993 80.3600000000042
17.479999999999933 80.46000000000426
17.499999999999936 80.5500000000043
17.51999999999994 80.64000000000435
17.539999999999942 80.7300000000044
17.559999999999945 80.82000000000444
17.57999999999995 80.92000000000449
17.59999999999995 81.01000000000454
17.619999999999955 81.10000000000458
17.639999999999958 81.19000000000463
17.65999999999996 81.29000000000468
17.679999999999964 81.38000000000473
17.699999999999967 81.47000000000477
17.71999999999997 81.56000000000482
17.739999999999974 81.65000000000487
17.759999999999977 81.75000000000492
17.77999999999998 81.84000000000496
17.799999999999983 81.93000000000501
17.819999999999986 82.02000000000506
17.83999999999999 82.1100000000051
17.859999999999992 82.21000000000515
17.879999999999995 82.3000000000052
17.9 82.39000000000524
17.92 82.48000000000529
17.940000000000005 82.58000000000534
17.960000000000008 82.67000000000539
17.98000000000001 82.76000000000543
18.000000000000014 82.85000000000548
18.020000000000017 82.94000000000553
18.04000000000002 83.04000000000558
18.060000000000024 83.13000000000562
18.080000000000027 83.22000000000567
18.10000000000003 83.31000000000572
18.120000000000033 83.40000000000576
18.140000000000036 83.50000000000581
18.16000000000004 83.59000000000586
18.180000000000042 83.6800000000059
18.200000000000045 83.77000000000595
18.22000000000005 83.870000000006
18.24000000000005 83.96000000000605
18.260000000000055 84.0500000000061
18.280000000000058 84.14000000000614
18.30000000000006 84.23000000000619
18.320000000000064 84.33000000000624
18.340000000000067 84.42000000000628
18.36000000000007 84.51000000000633
18.380000000000074 84.60000000000637
18.400000000000077 84.69000000000642
18.42000000000008 84.79000000000647
18.440000000000083 84.88000000000652
18.460000000000086 84.97000000000656
18.48000000000009 85.06000000000661
18.500000000000092 85.16000000000666
18.520000000000095 85.25000000000671
18.5400000000001 85.34000000000675
18.5600000000001 85.4300000000068
18.580000000000105 85.52000000000685
18.600000000000108 85.6200000000069
18.62000000000011 85.71000000000694
18.640000000000114 85.80000000000699
18.660000000000117 85.89000000000703
18.68000000000012 85.98000000000708
18.700000000000124 86.08000000000713
18.720000000000127 86.17000000000718
18.74000000000013 86.26000000000722
18.760000000000133 86.35000000000727
18.780000000000136 86.45000000000732
18.80000000000014 86.54000000000737
18.820000000000142 86.63000000000741
18.840000000000146 86.72000000000746
18.86000000000015 86.8100000000075
18.88000000000015 86.91000000000756
18.900000000000155 87.0000000000076
18.920000000000158 87.09000000000765
18.94000000000016 87.1800000000077
18.960000000000164 87.27000000000774
18.980000000000167 87.37000000000779
19.00000000000017 87.46000000000784
19.020000000000174 87.55000000000788
19.040000000000177 87.64000000000793
19.06000000000018 87.74000000000798
19.080000000000183 87.83000000000803
19.100000000000186 87.92000000000807
19.12000000000019 88.01000000000812
19.140000000000192 88.10000000000817
19.160000000000196 88.20000000000822
19.1800000000002 88.29000000000826
19.200000000000202 88.38000000000831
19.220000000000205 88.47000000000835
19.240000000000208 88.5600000000084
19.26000000000021 88.66000000000845
19.280000000000214 88.7500000000085
19.300000000000217 88.84000000000854
19.32000000000022 88.93000000000859
19.340000000000224 89.03000000000864
19.360000000000227 89.12000000000869
19.38000000000023 89.21000000000873
19.400000000000233 89.30000000000878
19.420000000000236 89.39000000000883
19.44000000000024 89.49000000000888
19.460000000000242 89.58000000000892
19.480000000000246 89.67000000000897
19.50000000000025 89.76000000000901
19.520000000000252 89.85000000000906
19.540000000000255 89.95000000000911
19.560000000000258 90.04000000000916
19.58000000000026 90.1300000000092
19.600000000000264 90.22000000000925
19.620000000000267 90.3200000000093
19.64000000000027 90.41000000000935
19.660000000000274 90.5000000000094
19.680000000000277 90.59000000000944
19.70000000000028 90.68000000000949
19.720000000000283 90.78000000000954
19.740000000000286 90.87000000000958
19.76000000000029 90.96000000000963
19.780000000000292 91.05000000000967
19.800000000000296 91.14000000000972
19.8200000000003 91.24000000000977
19.840000000000302 91.33000000000982
19.860000000000305 91.42000000000986
19.880000000000308 91.51000000000991
19.90000000000031 91.61000000000996
19.920000000000314 91.70000000001001
19.940000000000317 91.79000000001005
19.96000000000032 91.8800000000101
19.980000000000324 91.97000000001015
20.000000000000327 92.0700000000102
20.02000000000033 92.16000000001024
20.040000000000333 92.25000000001029
20.060000000000336 92.34000000001033
20.08000000000034 92.43000000001038
20.100000000000342 92.53000000001043
20.120000000000346 92.62000000001048
20.14000000000035 92.71000000001052
20.160000000000352 92.80000000001057
20.180000000000355 92.90000000001062
20.200000000000358 92.99000000001067
20.22000000000036 93.08000000001071
20.240000000000364 93.17000000001076
20.260000000000367 93.2600000000108
20.28000000000037 93.36000000001086
20.300000000000374 93.4500000000109
20.320000000000377 93.54000000001095
20.34000000000038 93.630000000011
20.360000000000383 93.72000000001104
20.380000000000386 93.82000000001109
20.40000000000039 93.91000000001114
20.420000000000393 94.00000000001118
20.440000000000396 94.09000000001123
20.4600000000004 94.18000000001128
20.480000000000402 94.28000000001133
20.500000000000405 94.37000000001137
20.520000000000408 94.46000000001142
20.54000000000041 94.55000000001147
20.560000000000414 94.65000000001152
20.580000000000418 94.74000000001156
20.60000000000042 94.83000000001161
20.620000000000424 94.92000000001165
20.640000000000427 95.0100000000117
20.66000000000043 95.11000000001175
20.680000000000433 95.2000000000118
20.700000000000436 95.29000000001184
20.72000000000044 95.38000000001189
20.740000000000443 95.47000000001194
20.760000000000446 95.57000000001199
20.78000000000045 95.66000000001203
20.800000000000452 95.75000000001208
20.820000000000455 95.84000000001213
20.840000000000458 95.94000000001218
20.86000000000046 96.03000000001222
20.880000000000464 96.12000000001227
20.900000000000468 96.21000000001231
20.92000000000047 96.30000000001236
20.940000000000474 96.40000000001241
20.960000000000477 96.49000000001246
20.98000000000048 96.5800000000125
21.000000000000483 96.67000000001255
21.020000000000486 96.7600000000126
21.04000000000049 96.86000000001265
21.060000000000493 96.9500000000127
21.080000000000496 97.04000000001274
21.1000000000005 97.13000000001279
21.120000000000502 97.23000000001284
21.140000000000505 97.32000000001288
21.160000000000508 97.41000000001293
21.18000000000051 97.50000000001297
21.200000000000514 97.59000000001302
21.220000000000518 97.69000000001307
21.24000000000052 97.78000000001312
21.260000000000524 97.87000000001316
21.280000000000527 97.96000000001321
21.30000000000053 98.05000000001326
21.320000000000533 98.1500000000133
21.340000000000536 98.24000000001335
21.36000000000054 98.3300000000134
21.380000000000543 98.42000000001345
21.400000000000546 98.5200000000135
21.42000000000055 98.61000000001354
21.440000000000552 98.70000000001359
21.460000000000555 98.79000000001363
21.480000000000558 98.88000000001368
21.50000000000056 98.98000000001373
21.520000000000564 99.07000000001378
21.540000000000568 99.16000000001382
21.56000000000057 99.25000000001387
21.580000000000574 99.34000000001392
21.600000000000577 99.44000000001397
21.62000000000058 99.53000000001401
21.640000000000583 99.62000000001406
21.660000000000586 99.7100000000141
21.68000000000059 99.81000000001416
21.700000000000593 99.9000000000142
21.720000000000596 99.99000000001425
21.7400000000006 100.0800000000143
21.760000000000602 100.17000000001434
21.780000000000605 100.27000000001439
21.80000000000061 100.36000000001444
21.82000000000061 100.45000000001448
21.840000000000614 100.54000000001453
21.860000000000618 100.63000000001458
21.88000000000062 100.73000000001463
21.900000000000624 100.82000000001467
21.920000000000627 100.91000000001472
21.94000000000063 101.00000000001477
21.960000000000633 101.09000000001481
21.980000000000636 101.19000000001486
22.00000000000064 101.28000000001491
22.020000000000643 101.37000000001495
22.040000000000646 101.460000000015
22.06000000000065 101.56000000001505
22.080000000000652 101.6500000000151
22.100000000000655 101.74000000001514
22.12000000000066 101.83000000001519
22.14000000000066 101.92000000001524
22.160000000000664 102.02000000001529
22.180000000000668 102.11000000001533
22.20000000000067 102.20000000001538
22.220000000000674 102.29000000001543
22.240000000000677 102.38000000001547
22.26000000000068 102.48000000001552
22.280000000000683 102.57000000001557
22.300000000000686 102.66000000001561
22.32000000000069 102.75000000001566
22.340000000000693 102.85000000001571
22.360000000000696 102.94000000001576
22.3800000000007 103.0300000000158
22.400000000000702 103.12000000001585
22.420000000000705 103.2100000000159
22.44000000000071 103.31000000001595
22.46000000000071 103.400000000016
22.480000000000715 103.49000000001604
22.500000000000718 103.58000000001608
22.52000000000072 103.67000000001613
22.540000000000724 103.77000000001618
22.560000000000727 103.86000000001623
22.58000000000073 103.95000000001627
22.600000000000733 104.04000000001632
22.620000000000736 104.14000000001637
22.64000000000074 104.23000000001642
22.660000000000743 104.32000000001646
22.680000000000746 104.41000000001651
22.70000000000075 104.50000000001656
22.720000000000752 104.6000000000166
22.740000000000755 104.69000000001665
22.76000000000076 104.7800000000167
22.78000000000076 104.87000000001674
22.800000000000765 104.96000000001679
22.820000000000768 105.06000000001684
22.84000000000077 105.15000000001689
22.860000000000774 105.24000000001693
22.880000000000777 105.33000000001698
22.90000000000078 105.42000000001703
22.920000000000783 105.52000000001708
22.940000000000786 105.61000000001712
22.96000000000079 105.70000000001717
22.980000000000793 105.79000000001722
23.000000000000796 105.89000000001727
23.0200000000008 105.98000000001731
23.040000000000802 106.07000000001736
23.060000000000805 106.1600000000174
23.08000000000081 106.25000000001745
23.10000000000081 106.3500000000175
23.120000000000815 106.44000000001755
23.140000000000818 106.5300000000176
23.16000000000082 106.62000000001764
23.180000000000824 106.71000000001769
23.200000000000827 106.81000000001774
23.22000000000083 106.90000000001778
23.240000000000833 106.99000000001783
23.260000000000836 107.08000000001788
23.28000000000084 107.18000000001793
23.300000000000843 107.27000000001797
23.320000000000846 107.36000000001802
23.34000000000085 107.45000000001806
23.360000000000852 107.54000000001811
23.380000000000855 107.64000000001816
23.40000000000086 107.73000000001821
23.42000000000086 107.82000000001825
23.440000000000865 107.9100000000183
23.460000000000868 108.00000000001835
23.48000000000087 108.1000000000184
23.500000000000874 108.19000000001844
23.520000000000877 108.28000000001849
23.54000000000088 108.37000000001854
23.560000000000883 108.47000000001859
23.580000000000886 108.56000000001863
23.60000000000089 108.65000000001868
23.620000000000893 108.74000000001872
23.640000000000896 108.83000000001877
23.6600000000009 108.93000000001882
23.680000000000902 109.02000000001887
23.700000000000905 109.11000000001891
23.72000000000091 109.20000000001896
23.74000000000091 109.290000000019
23.760000000000915 109.39000000001906
23.780000000000918 109.4800000000191
23.80000000000092 109.57000000001915
23.820000000000924 109.6600000000192
23.840000000000927 109.75000000001924
23.86000000000093 109.85000000001929
23.880000000000933 109.94000000001934
23.900000000000936 110.03000000001938
23.92000000000094 110.12000000001943
23.940000000000943 110.22000000001948
23.960000000000946 110.31000000001953
23.98000000000095 110.40000000001957
24.000000000000952 110.49000000001962
24.020000000000955 110.58000000001967
24.04000000000096 110.68000000001972
24.06000000000096 110.77000000001976
24.080000000000965 110.86000000001981
24.100000000000968 110.95000000001986
24.12000000000097 111.0400000000199
24.140000000000974 111.14000000001995
24.160000000000977 111.23000000002
24.18000000000098 111.32000000002004
24.200000000000983 111.41000000002009
24.220000000000987 111.51000000002014
24.24000000000099 111.60000000002019
24.260000000000993 111.69000000002023
24.280000000000996 111.78000000002028
24.300000000001 111.87000000002033
24.320000000001002 111.97000000002038
24.340000000001005 112.06000000002042
24.36000000000101 112.15000000002047
24.38000000000101 112.24000000002052
24.400000000001015 112.33000000002056
24.420000000001018 112.43000000002061
24.44000000000102 112.52000000002066
24.460000000001024 112.6100000000207
24.480000000001027 112.70000000002075
24.50000000000103 112.8000000000208
24.520000000001033 112.89000000002085
24.540000000001037 112.9800000000209
24.56000000000104 113.07000000002094
24.580000000001043 113.16000000002099
24.600000000001046 113.26000000002104
24.62000000000105 113.35000000002108
24.640000000001052 113.44000000002113
24.660000000001055 113.53000000002118
24.68000000000106 113.62000000002122
24.70000000000106 113.72000000002127
24.720000000001065 113.81000000002132
24.740000000001068 113.90000000002136
24.76000000000107 113.99000000002141
24.780000000001074 114.08000000002146
24.800000000001077 114.18000000002151
24.82000000000108 114.27000000002155
24.840000000001083 114.3600000000216
24.860000000001087 114.45000000002165
24.88000000000109 114.5500000000217
24.900000000001093 114.64000000002174
24.920000000001096 114.73000000002179
24.9400000000011 114.82000000002184
24.960000000001102 114.91000000002188
24.980000000001105 115.01000000002193
25.00000000000111 115.10000000002198
25.02000000000111 115.19000000002202
25.040000000001115 115.28000000002207
25.060000000001118 115.37000000002212
25.08000000000112 115.47000000002217
25.100000000001124 115.56000000002221
25.120000000001127 115.65000000002226
25.14000000000113 115.7400000000223
25.160000000001133 115.84000000002236
25.180000000001137 115.9300000000224
25.20000000000114 116.02000000002245
25.220000000001143 116.1100000000225
25.240000000001146 116.20000000002254
25.26000000000115 116.30000000002259
25.280000000001152 116.39000000002264
25.300000000001155 116.48000000002268
25.32000000000116 116.57000000002273
25.34000000000116 116.66000000002278
25.360000000001165 116.76000000002283
25.380000000001168 116.85000000002287
25.40000000000117 116.94000000002292
25.420000000001174 117.03000000002297
25.440000000001177 117.12000000002301
25.46000000000118 117.22000000002306
25.480000000001183 117.31000000002311
25.500000000001187 117.40000000002316
25.52000000000119 117.4900000000232
25.540000000001193 117.59000000002325
25.560000000001196 117.6800000000233
25.5800000000012 117.77000000002334
25.600000000001202 117.86000000002339
25.620000000001205 117.95000000002344
25.64000000000121 118.05000000002349
25.66000000000121 118.14000000002353
25.680000000001215 118.23000000002358
25.700000000001218 118.32000000002363
25.72000000000122 118.41000000002367
25.740000000001224 118.51000000002372
25.760000000001227 118.60000000002377
25.78000000000123 118.69000000002382
25.800000000001234 118.78000000002386
25.820000000001237 118.88000000002391
25.84000000000124 118.97000000002396
25.860000000001243 119.060000000024
25.880000000001246 119.15000000002405
25.90000000000125 119.2400000000241
25.920000000001252 119.34000000002415
25.940000000001255 119.4300000000242
25.96000000000126 119.52000000002424
25.98000000000126 119.61000000002429
26.000000000001265 119.70000000002433
26.020000000001268 119.80000000002438
26.04000000000127 119.89000000002443
26.060000000001274 119.98000000002448
26.080000000001277 120.07000000002452
26.10000000000128 120.16000000002457
26.120000000001284 120.26000000002462
26.140000000001287 120.35000000002466
26.16000000000129 120.44000000002471
26.180000000001293 120.53000000002476
26.200000000001296 120.63000000002481
26.2200000000013 120.72000000002485
26.240000000001302 120.8100000000249
26.260000000001305 120.90000000002495
26.28000000000131 120.99000000002499
26.30000000000131 121.09000000002504
26.320000000001315 121.18000000002509
26.340000000001318 121.27000000002514
26.36000000000132 121.36000000002518
26.380000000001324 121.45000000002523
26.400000000001327 121.55000000002528
26.42000000000133 121.64000000002532
26.440000000001334 121.73000000002537
26.460000000001337 121.82000000002542
26.48000000000134 121.92000000002547
26.500000000001343 122.01000000002551
26.520000000001346 122.10000000002556
26.54000000000135 122.1900000000256
26.560000000001352 122.28000000002565
26.580000000001355 122.3800000000257
26.60000000000136 122.47000000002575
26.62000000000136 122.5600000000258
26.640000000001365 122.65000000002584
26.660000000001368 122.74000000002589
26.68000000000137 122.84000000002594
26.700000000001374 122.93000000002598
26.720000000001377 123.02000000002603
26.74000000000138 123.11000000002608
26.760000000001384 123.21000000002613
26.780000000001387 123.30000000002617
26.80000000000139 123.39000000002622
26.820000000001393 123.48000000002627
26.840000000001396 123.57000000002631
26.8600000000014 123.67000000002636
26.880000000001402 123.76000000002641
26.900000000001405 123.85000000002645
26.92000000000141 123.9400000000265
26.94000000000141 124.03000000002655
26.960000000001415 124.1300000000266
26.980000000001418 124.22000000002664
27.00000000000142 124.31000000002669
27.020000000001424 124.40000000002674
27.040000000001427 124.49000000002678
27.06000000000143 124.59000000002683
27.080000000001434 124.68000000002688
27.100000000001437 124.77000000002693
27.12000000000144 124.86000000002697
27.140000000001443 124.96000000002702
27.160000000001446 125.05000000002707
27.18000000000145 125.14000000002711
27.200000000001452 125.23000000002716
27.220000000001455 125.3200000000272
27.24000000000146 125.42000000002726
27.26000000000146 125.5100000000273
27.280000000001465 125.60000000002735
27.300000000001468 125.6900000000274
27.32000000000147 125.78000000002744
27.340000000001474 125.8800000000275
27.360000000001477 125.97000000002754
27.38000000000148 126.06000000002759
27.400000000001484 126.15000000002763
27.420000000001487 126.25000000002768
27.44000000000149 126.34000000002773
27.460000000001493 126.43000000002777
27.480000000001496 126.52000000002782
27.5000000000015 126.61000000002787
27.520000000001502 126.71000000002792
27.540000000001505 126.80000000002796
27.56000000000151 126.89000000002801
27.58000000000151 126.98000000002806
27.600000000001515 127.0700000000281
27.620000000001518 127.17000000002815
27.64000000000152 127.2600000000282
27.660000000001524 127.35000000002825
27.680000000001527 127.44000000002829
27.70000000000153 127.53000000002834
27.720000000001534 127.63000000002839
27.740000000001537 127.72000000002843
27.76000000000154 127.81000000002848
27.780000000001543 127.90000000002853
27.800000000001546 128.00000000002856
27.82000000000155 128.09000000002848
27.840000000001552 128.1800000000284
27.860000000001556 128.27000000002832
27.88000000000156 128.36000000002824
27.90000000000156 128.46000000002815
27.920000000001565 128.55000000002806
27.940000000001568 128.64000000002798
27.96000000000157 128.7300000000279
27.980000000001574 128.82000000002782
28.000000000001577 128.92000000002773
28.02000000000158 129.01000000002765
28.040000000001584 129.10000000002756
28.060000000001587 129.19000000002748
28.08000000000159 129.2800000000274
28.100000000001593 129.3800000000273
28.120000000001596 129.47000000002723
28.1400000000016 129.56000000002715
28.160000000001602 129.65000000002706
28.180000000001606 129.75000000002697
28.20000000000161 129.8400000000269
28.220000000001612 129.9300000000268
28.240000000001615 130.02000000002673
28.260000000001618 130.11000000002664
28.28000000000162 130.21000000002655
28.300000000001624 130.30000000002647
28.320000000001627 130.3900000000264
28.34000000000163 130.4800000000263
28.360000000001634 130.57000000002623
28.380000000001637 130.67000000002614
28.40000000000164 130.76000000002605
28.420000000001643 130.85000000002597
28.440000000001646 130.9400000000259
28.46000000000165 131.0400000000258
28.480000000001652 131.13000000002572
28.500000000001656 131.22000000002564
28.52000000000166 131.31000000002555
28.540000000001662 131.40000000002547
28.560000000001665 131.50000000002538
28.580000000001668 131.5900000000253
28.60000000000167 131.68000000002522
28.620000000001674 131.77000000002514
28.640000000001677 131.86000000002505
28.66000000000168 131.96000000002496
28.680000000001684 132.05000000002488
28.700000000001687 132.1400000000248
28.72000000000169 132.23000000002472
28.740000000001693 132.32000000002463
28.760000000001696 132.42000000002454
28.7800000000017 132.51000000002446
28.800000000001702 132.60000000002438
28.820000000001706 132.6900000000243
28.84000000000171 132.7900000000242
28.860000000001712 132.88000000002413
28.880000000001715 132.97000000002404
28.900000000001718 133.06000000002396
28.92000000000172 133.15000000002388
28.940000000001724 133.2500000000238
28.960000000001727 133.3400000000237
28.98000000000173 133.43000000002363
29.000000000001734 133.52000000002354
29.020000000001737 133.61000000002346
29.04000000000174 133.71000000002337
29.060000000001743 133.8000000000233
29.080000000001746 133.8900000000232
29.10000000000175 133.98000000002313
29.120000000001752 134.08000000002303
29.140000000001756 134.17000000002295
29.16000000000176 134.26000000002287
29.180000000001762 134.3500000000228
29.200000000001765 134.4400000000227
29.220000000001768 134.54000000002262
29.24000000000177 134.63000000002253
29.260000000001774 134.72000000002245
29.280000000001777 134.81000000002237
29.30000000000178 134.9000000000223
29.320000000001784 135.0000000000222
29.340000000001787 135.09000000002212
29.36000000000179 135.18000000002203
29.380000000001793 135.27000000002195
29.400000000001796 135.36000000002187
29.4200000000018 135.46000000002178
29.440000000001803 135.5500000000217
29.460000000001806 135.64000000002162
29.48000000000181 135.73000000002153
29.500000000001812 135.83000000002144
29.520000000001815 135.92000000002136
29.540000000001818 136.01000000002128
29.56000000000182 136.1000000000212
29.580000000001824 136.19000000002112
29.600000000001828 136.29000000002102
29.62000000000183 136.38000000002094
29.640000000001834 136.47000000002086
29.660000000001837 136.56000000002078
29.68000000000184 136.6500000000207
29.700000000001843 136.7500000000206
29.720000000001846 136.84000000002052
29.74000000000185 136.93000000002044
29.760000000001853 137.02000000002036
29.780000000001856 137.12000000002027
29.80000000000186 137.2100000000202
29.820000000001862 137.3000000000201
29.840000000001865 137.39000000002002
29.860000000001868 137.48000000001994
29.88000000000187 137.58000000001985
29.900000000001874 137.67000000001977
29.920000000001878 137.7600000000197
29.94000000000188 137.8500000000196
29.960000000001884 137.94000000001952
29.980000000001887 138.04000000001943
30.00000000000189 138.13000000001935
30.020000000001893 138.22000000001927
30.040000000001896 138.3100000000192
30.0600000000019 138.4000000000191
30.080000000001903 138.500000000019
30.100000000001906 138.59000000001893
30.12000000000191 138.68000000001885
30.140000000001912 138.77000000001877
30.160000000001915 138.87000000001868
30.180000000001918 138.9600000000186
30.20000000000192 139.0500000000185
30.220000000001924 139.14000000001843
30.240000000001928 139.23000000001835
30.26000000000193 139.33000000001826
30.280000000001934 139.42000000001818
30.300000000001937 139.5100000000181
30.32000000000194 139.600000000018
30.340000000001943 139.69000000001793
30.360000000001946 139.79000000001784
30.38000000000195 139.88000000001776
30.400000000001953 139.97000000001768
30.420000000001956 140.0600000000176
30.44000000000196 140.1500000000175
30.460000000001962 140.25000000001742
30.480000000001965 140.34000000001734
30.500000000001968 140.43000000001726
30.52000000000197 140.52000000001718
30.540000000001974 140.6200000000171
30.560000000001978 140.710000000017
30.58000000000198 140.80000000001692
30.600000000001984 140.89000000001684
30.620000000001987 140.98000000001676
30.64000000000199 141.08000000001667
30.660000000001993 141.17000000001659
30.680000000001996 141.2600000000165
30.700000000002 141.35000000001642
30.720000000002003 141.44000000001634
30.740000000002006 141.54000000001625
30.76000000000201 141.63000000001617
30.780000000002012 141.72000000001609
30.800000000002015 141.810000000016
30.82000000000202 141.9100000000159
30.84000000000202 142.00000000001583
30.860000000002024 142.09000000001575
30.880000000002028 142.18000000001567
30.90000000000203 142.27000000001559
30.920000000002034 142.3700000000155
30.940000000002037 142.4600000000154
30.96000000000204 142.55000000001533
30.980000000002043 142.64000000001525
31.000000000002046 142.73000000001517
31.02000000000205 142.83000000001508
31.040000000002053 142.920000000015
31.060000000002056 143.0100000000149
31.08000000000206 143.10000000001483
31.100000000002062 143.19000000001475
31.120000000002065 143.29000000001466
31.14000000000207 143.38000000001458
31.16000000000207 143.4700000000145
31.180000000002075 143.5600000000144
31.200000000002078 143.66000000001432
31.22000000000208 143.75000000001424
31.240000000002084 143.84000000001416
31.260000000002087 143.93000000001408
31.28000000000209 144.020000000014
31.300000000002093 144.1200000000139
31.320000000002096 144.21000000001382
31.3400000000021 144.30000000001374
31.360000000002103 144.39000000001366
31.380000000002106 144.48000000001358
31.40000000000211 144.58000000001348
31.420000000002112 144.6700000000134
31.440000000002115 144.76000000001332
31.46000000000212 144.85000000001324
31.48000000000212 144.95000000001315
31.500000000002125 145.04000000001307
31.520000000002128 145.13000000001298
31.54000000000213 145.2200000000129
31.560000000002134 145.31000000001282
31.580000000002137 145.41000000001273
31.60000000000214 145.50000000001265
31.620000000002143 145.59000000001257
31.640000000002146 145.68000000001248
31.66000000000215 145.7700000000124
31.680000000002153 145.8700000000123
31.700000000002156 145.96000000001223
31.72000000000216 146.05000000001215
31.740000000002162 146.14000000001207
31.760000000002165 146.23000000001198
31.78000000000217 146.3300000000119
31.80000000000217 146.4200000000118
31.820000000002175 146.51000000001173
31.840000000002178 146.60000000001165
31.86000000000218 146.70000000001156
31.880000000002184 146.79000000001147
31.900000000002187 146.8800000000114
31.92000000000219 146.9700000000113
31.940000000002193 147.06000000001123
31.960000000002196 147.16000000001114
31.9800000000022 147.25000000001106
32.0000000000022 147.34000000001097
32.0200000000022 147.4300000000109
32.040000000002195 147.5200000000108
32.06000000000219 147.62000000001072
32.08000000000219 147.71000000001064
32.10000000000218 147.80000000001056
32.12000000000218 147.89000000001047
32.140000000002175 147.9800000000104
32.16000000000217 148.0800000000103
32.18000000000217 148.17000000001022
32.20000000000216 148.26000000001014
32.22000000000216 148.35000000001006
32.240000000002155 148.45000000000996
32.26000000000215 148.54000000000988
32.28000000000215 148.6300000000098
32.30000000000214 148.72000000000972
32.32000000000214 148.81000000000964
32.340000000002135 148.91000000000955
32.36000000000213 149.00000000000946
32.38000000000213 149.09000000000938
32.40000000000212 149.1800000000093
32.42000000000212 149.27000000000922
32.440000000002115 149.37000000000913
32.46000000000211 149.46000000000905
32.48000000000211 149.55000000000896
32.5000000000021 149.64000000000888
32.5200000000021 149.7400000000088
32.540000000002095 149.8300000000087
32.56000000000209 149.92000000000863
32.58000000000209 150.01000000000855
32.60000000000208 150.10000000000846
32.62000000000208 150.20000000000837
32.640000000002075 150.2900000000083
32.66000000000207 150.3800000000082
32.68000000000207 150.47000000000813
32.70000000000206 150.56000000000805
32.72000000000206 150.66000000000795
32.740000000002055 150.75000000000787
32.76000000000205 150.8400000000078
32.78000000000205 150.9300000000077
32.80000000000204 151.02000000000763
32.82000000000204 151.12000000000754
32.840000000002036 151.21000000000745
32.86000000000203 151.30000000000737
32.88000000000203 151.3900000000073
32.900000000002024 151.4900000000072
32.92000000000202 151.58000000000712
32.940000000002016 151.67000000000704
32.96000000000201 151.76000000000695
32.98000000000201 151.85000000000687
33.000000000002004 151.95000000000678
33.020000000002 152.0400000000067
33.040000000001996 152.13000000000662
33.06000000000199 152.22000000000654
33.08000000000199 152.31000000000645
33.100000000001984 152.41000000000636
33.12000000000198 152.50000000000628
33.140000000001976 152.5900000000062
33.16000000000197 152.68000000000612
33.18000000000197 152.77000000000604
33.200000000001964 152.87000000000594
33.22000000000196 152.96000000000586
33.240000000001956 153.05000000000578
33.26000000000195 153.1400000000057
33.28000000000195 153.2400000000056
33.300000000001944 153.33000000000553
33.32000000000194 153.42000000000544
33.340000000001936 153.51000000000536
33.36000000000193 153.60000000000528
33.38000000000193 153.7000000000052
33.400000000001924 153.7900000000051
33.42000000000192 153.88000000000503
33.440000000001916 153.97000000000494
33.46000000000191 154.06000000000486
33.48000000000191 154.16000000000477
33.500000000001904 154.2500000000047
33.5200000000019 154.3400000000046
33.540000000001896 154.43000000000453
33.56000000000189 154.53000000000443
33.58000000000189 154.62000000000435
33.600000000001884 154.71000000000427
33.62000000000188 154.8000000000042
33.640000000001876 154.8900000000041
33.66000000000187 154.99000000000402
33.68000000000187 155.08000000000393
33.700000000001864 155.17000000000385
33.72000000000186 155.26000000000377
33.74000000000186 155.3500000000037
33.76000000000185 155.4500000000036
33.78000000000185 155.54000000000352
33.800000000001845 155.63000000000343
33.82000000000184 155.72000000000335
33.84000000000184 155.81000000000327
33.86000000000183 155.91000000000318
33.88000000000183 156.0000000000031
33.900000000001825 156.09000000000302
33.92000000000182 156.18000000000293
33.94000000000182 156.28000000000284
33.96000000000181 156.37000000000276
33.98000000000181 156.46000000000268
34.000000000001805 156.5500000000026
34.0200000000018 156.64000000000252
34.0400000000018 156.74000000000242
34.06000000000179 156.83000000000234
34.08000000000179 156.92000000000226
34.100000000001785 157.01000000000218
34.12000000000178 157.1000000000021
34.14000000000178 157.200000000002
34.16000000000177 157.29000000000192
34.18000000000177 157.38000000000184
34.200000000001765 157.47000000000176
34.22000000000176 157.56000000000168
34.24000000000176 157.6600000000016
34.26000000000175 157.7500000000015
34.28000000000175 157.84000000000142
34.300000000001745 157.93000000000134
34.32000000000174 158.03000000000125
34.34000000000174 158.12000000000117
34.36000000000173 158.2100000000011
34.38000000000173 158.300000000001
34.400000000001725 158.39000000000092
34.42000000000172 158.49000000000083
34.44000000000172 158.58000000000075
34.46000000000171 158.67000000000067
34.48000000000171 158.7600000000006
34.500000000001705 158.8500000000005
34.5200000000017 158.95000000000041
34.5400000000017 159.04000000000033
34.56000000000169 159.13000000000025
34.58000000000169 159.22000000000017
34.600000000001685 159.32000000000008
34.62000000000168 159.41
34.64000000000168 159.49999999999991
34.66000000000167 159.58999999999983
34.68000000000167 159.67999999999975
34.700000000001666 159.77999999999966
34.72000000000166 159.86999999999958
34.74000000000166 159.9599999999995
34.760000000001654 160.04999999999941
34.78000000000165 160.13999999999933
34.800000000001646 160.23999999999924
34.82000000000164 160.32999999999916
34.84000000000164 160.41999999999908
34.860000000001634 160.509999999999
34.88000000000163 160.59999999999891
34.900000000001626 160.69999999999882
34.92000000000162 160.78999999999874
34.94000000000162 160.87999999999866
34.960000000001614 160.96999999999858
34.98000000000161 161.0699999999985
35.000000000001606 161.1599999999984
35.0200000000016 161.24999999999832
35.0400000000016 161.33999999999824
35.060000000001594 161.42999999999816
35.08000000000159 161.52999999999807
35.100000000001586 161.619999999998
35.12000000000158 161.7099999999979
35.14000000000158 161.79999999999782
35.160000000001574 161.88999999999774
35.18000000000157 161.98999999999765
35.200000000001566 162.07999999999757
35.22000000000156 162.1699999999975
35.24000000000156 162.2599999999974
35.260000000001554 162.34999999999732
35.28000000000155 162.44999999999723
35.300000000001546 162.53999999999715
35.32000000000154 162.62999999999707
35.34000000000154 162.719999999997
35.360000000001534 162.8199999999969
35.38000000000153 162.9099999999968
35.400000000001526 162.99999999999673
35.42000000000152 163.08999999999665
35.44000000000152 163.17999999999657
35.460000000001514 163.27999999999648
35.48000000000151 163.3699999999964
35.500000000001506 163.4599999999963
35.5200000000015 163.54999999999623
35.5400000000015 163.63999999999615
35.560000000001494 163.73999999999606
35.58000000000149 163.82999999999598
35.60000000000149 163.9199999999959
35.62000000000148 164.0099999999958
35.64000000000148 164.09999999999573
35.660000000001475 164.19999999999564
35.68000000000147 164.28999999999556
35.70000000000147 164.37999999999548
35.72000000000146 164.4699999999954
35.74000000000146 164.5699999999953
35.760000000001455 164.65999999999522
35.78000000000145 164.74999999999514
35.80000000000145 164.83999999999506
35.82000000000144 164.92999999999498
35.84000000000144 165.02999999999489
35.860000000001435 165.1199999999948
35.88000000000143 165.20999999999472
35.90000000000143 165.29999999999464
35.92000000000142 165.38999999999456
35.94000000000142 165.48999999999447
35.960000000001415 165.57999999999439
35.98000000000141 165.6699999999943
36.00000000000141 165.75999999999422
36.0200000000014 165.85999999999413
36.0400000000014 165.94999999999405
36.060000000001395 166.03999999999397
36.08000000000139 166.12999999999388
36.10000000000139 166.2199999999938
36.12000000000138 166.3199999999937
36.14000000000138 166.40999999999363
36.160000000001375 166.49999999999355
36.18000000000137 166.58999999999347
36.20000000000137 166.67999999999338
36.22000000000136 166.7799999999933
36.24000000000136 166.8699999999932
36.260000000001355 166.95999999999313
36.28000000000135 167.04999999999305
36.30000000000135 167.13999999999297
36.32000000000134 167.23999999999288
36.34000000000134 167.3299999999928
36.360000000001335 167.4199999999927
36.38000000000133 167.50999999999263
36.40000000000133 167.60999999999254
36.42000000000132 167.69999999999246
36.44000000000132 167.78999999999238
36.460000000001315 167.8799999999923
36.48000000000131 167.9699999999922
36.50000000000131 168.06999999999212
36.5200000000013 168.15999999999204
36.5400000000013 168.24999999999196
36.560000000001295 168.33999999999187
36.58000000000129 168.4299999999918
36.60000000000129 168.5299999999917
36.62000000000128 168.61999999999162
36.64000000000128 168.70999999999154
36.660000000001276 168.79999999999146
36.68000000000127 168.88999999999137
36.70000000000127 168.98999999999128
36.720000000001264 169.0799999999912
36.74000000000126 169.16999999999112
36.760000000001256 169.25999999999104
36.78000000000125 169.35999999999095
36.80000000000125 169.44999999999087
36.820000000001244 169.53999999999078
36.84000000000124 169.6299999999907
36.860000000001236 169.71999999999062
36.88000000000123 169.81999999999053
36.90000000000123 169.90999999999045
36.920000000001224 169.99999999999037
36.94000000000122 170.08999999999028
36.960000000001216 170.1799999999902
36.98000000000121 170.2799999999901
37.00000000000121 170.36999999999003
37.020000000001204 170.45999999998995
37.0400000000012 170.54999999998986
37.060000000001196 170.64999999998977
37.08000000000119 170.7399999999897
37.10000000000119 170.8299999999896
37.120000000001184 170.91999999998953
37.14000000000118 171.00999999998945
37.160000000001176 171.10999999998936
37.18000000000117 171.19999999998927
37.20000000000117 171.2899999999892
37.220000000001164 171.3799999999891
37.24000000000116 171.46999999998903
37.260000000001156 171.56999999998894
37.28000000000115 171.65999999998886
37.30000000000115 171.74999999998877
37.320000000001144 171.8399999999887
37.34000000000114 171.9299999999886
37.360000000001136 172.02999999998852
37.38000000000113 172.11999999998844
37.40000000000113 172.20999999998836
37.420000000001124 172.29999999998827
37.44000000000112 172.39999999998818
37.460000000001116 172.4899999999881
37.48000000000111 172.57999999998802
37.50000000000111 172.66999999998794
37.520000000001104 172.75999999998785
37.5400000000011 172.85999999998776
37.5600000000011 172.94999999998768
37.58000000000109 173.0399999999876
37.60000000000109 173.12999999998752
37.620000000001085 173.21999999998744
37.64000000000108 173.31999999998735
37.66000000000108 173.40999999998726
37.68000000000107 173.49999999998718
37.70000000000107 173.5899999999871
37.720000000001065 173.67999999998702
37.74000000000106 173.77999999998693
37.76000000000106 173.86999999998685
37.78000000000105 173.95999999998676
37.80000000000105 174.04999999998668
37.820000000001045 174.1499999999866
37.84000000000104 174.2399999999865
37.86000000000104 174.32999999998643
37.88000000000103 174.41999999998635
37.90000000000103 174.50999999998626
37.920000000001025 174.60999999998617
37.94000000000102 174.6999999999861
37.96000000000102 174.789999999986
37.98000000000101 174.87999999998593
38.00000000000101 174.96999999998584
38.020000000001005 175.06999999998575
38.040000000001 175.15999999998567
38.060000000001 175.2499999999856
38.08000000000099 175.3399999999855
38.10000000000099 175.42999999998543
38.120000000000985 175.52999999998534
38.14000000000098 175.61999999998525
38.16000000000098 175.70999999998517
38.18000000000097 175.7999999999851
38.20000000000097 175.899999999985
38.220000000000965 175.98999999998492
38.24000000000096 176.07999999998484
38.26000000000096 176.16999999998475
38.28000000000095 176.25999999998467
38.30000000000095 176.35999999998458
38.320000000000945 176.4499999999845
38.34000000000094 176.53999999998442
38.36000000000094 176.62999999998434
38.38000000000093 176.71999999998425
38.40000000000093 176.81999999998416
38.420000000000925 176.90999999998408
38.44000000000092 176.999999999984
38.46000000000092 177.08999999998392
38.48000000000091 177.18999999998383
38.50000000000091 177.27999999998374
38.520000000000906 177.36999999998366
38.5400000000009 177.45999999998358
38.5600000000009 177.5499999999835
38.580000000000894 177.6499999999834
38.60000000000089 177.73999999998333
38.620000000000886 177.82999999998324
38.64000000000088 177.91999999998316
38.66000000000088 178.00999999998308
38.680000000000874 178.109999999983
38.70000000000087 178.1999999999829
38.720000000000866 178.28999999998283
38.74000000000086 178.37999999998274
38.76000000000086 178.46999999998266
38.780000000000854 178.56999999998257
38.80000000000085 178.6599999999825
38.820000000000846 178.7499999999824
38.84000000000084 178.83999999998233
38.86000000000084 178.93999999998223
38.880000000000834 179.02999999998215
38.90000000000083 179.11999999998207
38.920000000000826 179.209999999982
38.94000000000082 179.2999999999819
38.96000000000082 179.39999999998182
38.980000000000814 179.48999999998173
39.00000000000081 179.57999999998165
39.020000000000806 179.66999999998157
39.0400000000008 179.7599999999815
39.0600000000008 179.8599999999814
39.080000000000794 179.94999999998132
39.10000000000079 180.03999999998123
39.120000000000786 180.12999999998115
39.14000000000078 180.21999999998107
39.16000000000078 180.31999999998098
39.180000000000774 180.4099999999809
39.20000000000077 180.49999999998082
39.220000000000766 180.58999999998073
39.24000000000076 180.68999999998064
39.26000000000076 180.77999999998056
39.280000000000754 180.86999999998048
39.30000000000075 180.9599999999804
39.320000000000746 181.04999999998032
39.34000000000074 181.14999999998022
39.36000000000074 181.23999999998014
39.380000000000734 181.32999999998006
39.40000000000073 181.41999999997998
39.42000000000073 181.5099999999799
39.44000000000072 181.6099999999798
39.46000000000072 181.69999999997972
39.480000000000715 181.78999999997964
39.50000000000071 181.87999999997956
39.52000000000071 181.96999999997948
39.5400000000007 182.0699999999794
39.5600000000007 182.1599999999793
39.580000000000695 182.24999999997922
39.60000000000069 182.33999999997914
39.62000000000069 182.43999999997905
39.64000000000068 182.52999999997897
39.66000000000068 182.6199999999789
39.680000000000675 182.7099999999788
39.70000000000067 182.79999999997872
39.72000000000067 182.89999999997863
39.74000000000066 182.98999999997855
39.76000000000066 183.07999999997847
39.780000000000655 183.1699999999784
39.80000000000065 183.2599999999783
39.82000000000065 183.3599999999782
39.84000000000064 183.44999999997813
39.86000000000064 183.53999999997805
39.880000000000635 183.62999999997797
39.90000000000063 183.7199999999779
39.92000000000063 183.8199999999778
39.94000000000062 183.9099999999777
39.96000000000062 183.99999999997763
39.980000000000615 184.08999999997755
40.00000000000061 184.18999999997746
40.02000000000061 184.27999999997738
40.0400000000006 184.3699999999773
40.0600000000006 184.4599999999772
40.080000000000595 184.54999999997713
40.10000000000059 184.64999999997704
40.12000000000059 184.73999999997696
40.14000000000058 184.82999999997688
40.16000000000058 184.9199999999768
40.180000000000575 185.0099999999767
40.20000000000057 185.10999999997662
40.22000000000057 185.19999999997654
40.24000000000056 185.28999999997646
40.26000000000056 185.37999999997638
40.280000000000555 185.4799999999763
40.30000000000055 185.5699999999762
40.32000000000055 185.65999999997612
40.34000000000054 185.74999999997604
40.36000000000054 185.83999999997596
40.380000000000535 185.93999999997587
40.40000000000053 186.0299999999758
40.42000000000053 186.1199999999757
40.44000000000052 186.20999999997562
40.46000000000052 186.29999999997554
40.480000000000516 186.39999999997545
40.50000000000051 186.48999999997537
40.52000000000051 186.57999999997529
40.540000000000504 186.6699999999752
40.5600000000005 186.75999999997512
40.580000000000496 186.85999999997503
40.60000000000049 186.94999999997495
40.62000000000049 187.03999999997487
40.640000000000484 187.12999999997479
40.66000000000048 187.2299999999747
40.680000000000476 187.3199999999746
40.70000000000047 187.40999999997453
40.72000000000047 187.49999999997445
40.740000000000464 187.58999999997437
40.76000000000046 187.68999999997428
40.780000000000456 187.7799999999742
40.80000000000045 187.8699999999741
40.82000000000045 187.95999999997403
40.840000000000444 188.04999999997395
40.86000000000044 188.14999999997386
40.880000000000436 188.23999999997378
40.90000000000043 188.3299999999737
40.92000000000043 188.4199999999736
40.940000000000424 188.50999999997353
40.96000000000042 188.60999999997344
40.980000000000416 188.69999999997336
41.00000000000041 188.78999999997328
41.02000000000041 188.8799999999732
41.040000000000404 188.9799999999731
41.0600000000004 189.06999999997302
41.080000000000396 189.15999999997294
41.10000000000039 189.24999999997286
41.12000000000039 189.33999999997278
41.140000000000384 189.43999999997268
41.16000000000038 189.5299999999726
41.180000000000376 189.61999999997252
41.20000000000037 189.70999999997244
41.22000000000037 189.79999999997236
41.240000000000364 189.89999999997227
41.26000000000036 189.98999999997218
41.280000000000356 190.0799999999721
41.30000000000035 190.16999999997202
41.32000000000035 190.25999999997194
41.340000000000344 190.35999999997185
41.36000000000034 190.44999999997177
41.38000000000034 190.53999999997168
41.40000000000033 190.6299999999716
41.42000000000033 190.7299999999715
41.440000000000325 190.81999999997143
41.46000000000032 190.90999999997135
41.48000000000032 190.99999999997127
41.50000000000031 191.08999999997118
41.52000000000031 191.1899999999711
41.540000000000305 191.279999999971
41.5600000000003 191.36999999997093
41.5800000000003 191.45999999997085
41.60000000000029 191.54999999997077
41.62000000000029 191.64999999997067
41.640000000000285 191.7399999999706
41.66000000000028 191.8299999999705
41.68000000000028 191.91999999997043
41.70000000000027 192.00999999997035
41.72000000000027 192.10999999997026
41.740000000000265 192.19999999997017
41.76000000000026 192.2899999999701
41.78000000000026 192.37999999997
41.80000000000025 192.47999999996992
41.82000000000025 192.56999999996984
41.840000000000245 192.65999999996976
41.86000000000024 192.74999999996967
41.88000000000024 192.8399999999696
41.90000000000023 192.9399999999695
41.92000000000023 193.02999999996942
41.940000000000225 193.11999999996934
41.96000000000022 193.20999999996926
41.98000000000022 193.29999999996917
42.00000000000021 193.39999999996908
42.02000000000021 193.489999999969
42.040000000000205 193.57999999996892
42.0600000000002 193.66999999996884
42.0800000000002 193.76999999996875
42.10000000000019 193.85999999996866
42.12000000000019 193.94999999996858
42.140000000000185 194.0399999999685
42.16000000000018 194.12999999996842
42.18000000000018 194.22999999996833
42.20000000000017 194.31999999996825
42.22000000000017 194.40999999996816
42.240000000000165 194.49999999996808
42.26000000000016 194.589999999968
42.28000000000016 194.6899999999679
42.30000000000015 194.77999999996783
42.32000000000015 194.86999999996775
42.340000000000146 194.95999999996766
42.36000000000014 195.04999999996758
42.38000000000014 195.1499999999675
42.400000000000134 195.2399999999674
42.42000000000013 195.32999999996733
42.440000000000126 195.41999999996725
42.46000000000012 195.51999999996715
42.48000000000012 195.60999999996707
42.500000000000114 195.699999999967
42.52000000000011 195.7899999999669
42.540000000000106 195.87999999996683
42.5600000000001 195.97999999996674
42.5800000000001 196.06999999996665
42.600000000000094 196.15999999996657
42.62000000000009 196.2499999999665
42.640000000000086 196.3399999999664
42.66000000000008 196.43999999996632
42.68000000000008 196.52999999996624
42.700000000000074 196.61999999996615
42.72000000000007 196.70999999996607
42.740000000000066 196.799999999966
42.76000000000006 196.8999999999659
42.78000000000006 196.98999999996582
42.800000000000054 197.07999999996574
42.82000000000005 197.16999999996565
42.840000000000046 197.26999999996556
42.86000000000004 197.35999999996548
42.88000000000004 197.4499999999654
42.900000000000034 197.53999999996532
42.92000000000003 197.62999999996524
42.940000000000026 197.72999999996514
42.96000000000002 197.81999999996506
42.98000000000002 197.90999999996498
43.000000000000014 197.9999999999649
43.02000000000001 198.08999999996482
43.040000000000006 198.18999999996473
43.06 198.27999999996464
43.08 198.36999999996456
43.099999999999994 198.45999999996448
43.11999999999999 198.5499999999644
43.139999999999986 198.6499999999643
43.15999999999998 198.73999999996423
43.17999999999998 198.82999999996414
43.199999999999974 198.91999999996406
43.21999999999997 199.01999999996397
43.23999999999997 199.1099999999639
43.25999999999996 199.1999999999638
43.27999999999996 199.28999999996373
43.299999999999955 199.37999999996364
43.31999999999995 199.47999999996355
43.33999999999995 199.56999999996347
43.35999999999994 199.6599999999634
43.37999999999994 199.7499999999633
43.399999999999935 199.83999999996323
43.41999999999993 199.93999999996313
43.43999999999993 200.02999999996305
43.45999999999992 200.11999999996297
43.47999999999992 200.2099999999629
43.499999999999915 200.2999999999628
43.51999999999991 200.39999999996272
43.53999999999991 200.48999999996263
43.5599999999999 200.57999999996255
43.5799999999999 200.66999999996247
43.599999999999895 200.76999999996238
43.61999999999989 200.8599999999623
43.63999999999989 200.94999999996222
43.65999999999988 201.03999999996213
43.67999999999988 201.12999999996205
43.699999999999875 201.22999999996196
43.71999999999987 201.31999999996188
43.73999999999987 201.4099999999618
43.75999999999986 201.49999999996172
43.77999999999986 201.58999999996163
43.799999999999855 201.68999999996154
43.81999999999985 201.77999999996146
43.83999999999985 201.86999999996138
43.85999999999984 201.9599999999613
43.87999999999984 202.0599999999612
43.899999999999835 202.14999999996112
43.91999999999983 202.23999999996104
43.93999999999983 202.32999999996096
43.95999999999982 202.41999999996088
43.97999999999982 202.5199999999608
43.999999999999815 202.6099999999607
44.01999999999981 202.69999999996062
44.03999999999981 202.78999999996054
44.0599999999998 202.87999999996046
44.0799999999998 202.97999999996037
44.099999999999795 203.0699999999603
44.11999999999979 203.1599999999602
44.13999999999979 203.24999999996012
44.15999999999978 203.33999999996004
44.17999999999978 203.43999999995995
44.199999999999775 203.52999999995987
44.21999999999977 203.6199999999598
44.23999999999977 203.7099999999597
44.25999999999976 203.80999999995962
44.27999999999976 203.89999999995953
44.299999999999756 203.98999999995945
44.31999999999975 204.07999999995937
44.33999999999975 204.1699999999593
44.359999999999744 204.2699999999592
44.37999999999974 204.35999999995911
44.399999999999736 204.44999999995903
44.41999999999973 204.53999999995895
44.43999999999973 204.62999999995887
44.459999999999724 204.72999999995878
44.47999999999972 204.8199999999587
44.499999999999716 204.90999999995861
44.51999999999971 204.99999999995853
44.53999999999971 205.08999999995845
44.559999999999704 205.18999999995836
44.5799999999997 205.27999999995828
44.599999999999696 205.3699999999582
44.61999999999969 205.45999999995811
44.63999999999969 205.55999999995802
44.659999999999684 205.64999999995794
44.67999999999968 205.73999999995786
44.699999999999676 205.82999999995778
44.71999999999967 205.9199999999577
44.73999999999967 206.0199999999576
44.759999999999664 206.10999999995752
44.77999999999966 206.19999999995744
44.799999999999656 206.28999999995736
44.81999999999965 206.37999999995728
44.83999999999965 206.4799999999572
44.859999999999644 206.5699999999571
44.87999999999964 206.65999999995702
44.899999999999636 206.74999999995694
44.91999999999963 206.83999999995686
44.93999999999963 206.93999999995677
44.959999999999624 207.0299999999567
44.97999999999962 207.1199999999566
44.999999999999616 207.20999999995652
45.01999999999961 207.30999999995643
45.03999999999961 207.39999999995635
45.059999999999604 207.48999999995627
45.0799999999996 207.5799999999562
45.099999999999596 207.6699999999561
45.11999999999959 207.769999999956
45.13999999999959 207.85999999995593
45.159999999999584 207.94999999995585
45.17999999999958 208.03999999995577
45.19999999999958 208.1299999999557
45.21999999999957 208.2299999999556
45.23999999999957 208.3199999999555
45.259999999999565 208.40999999995543
45.27999999999956 208.49999999995535
45.29999999999956 208.58999999995527
45.31999999999955 208.68999999995518
45.33999999999955 208.7799999999551
45.359999999999545 208.869999999955
45.37999999999954 208.95999999995493
45.39999999999954 209.05999999995484
45.41999999999953 209.14999999995476
45.43999999999953 209.23999999995468
45.459999999999525 209.3299999999546
45.47999999999952 209.4199999999545
45.49999999999952 209.51999999995442
45.51999999999951 209.60999999995434
45.53999999999951 209.69999999995426
45.559999999999505 209.78999999995418
45.5799999999995 209.8799999999541
45.5999999999995 209.979999999954
45.61999999999949 210.06999999995392
45.63999999999949 210.15999999995384
45.659999999999485 210.24999999995376
45.67999999999948 210.33999999995368
45.69999999999948 210.43999999995359
45.71999999999947 210.5299999999535
45.73999999999947 210.61999999995342
45.759999999999465 210.70999999995334
45.77999999999946 210.80999999995325
45.79999999999946 210.89999999995317
45.81999999999945 210.98999999995308
45.83999999999945 211.079999999953
45.859999999999445 211.16999999995292
45.87999999999944 211.26999999995283
45.89999999999944 211.35999999995275
45.91999999999943 211.44999999995267
45.93999999999943 211.53999999995258
45.959999999999425 211.6299999999525
45.97999999999942 211.7299999999524
45.99999999999942 211.81999999995233
46.01999999999941 211.90999999995225
46.03999999999941 211.99999999995217
46.059999999999405 212.08999999995208
46.0799999999994 212.189999999952
46.0999999999994 212.2799999999519
46.11999999999939 212.36999999995183
46.13999999999939 212.45999999995175
46.159999999999386 212.55999999995166
46.17999999999938 212.64999999995158
46.19999999999938 212.7399999999515
46.219999999999374 212.8299999999514
46.23999999999937 212.91999999995133
46.259999999999366 213.01999999995124
46.27999999999936 213.10999999995116
46.29999999999936 213.19999999995107
46.319999999999354 213.289999999951
46.33999999999935 213.3799999999509
46.359999999999346 213.47999999995082
46.37999999999934 213.56999999995074
46.39999999999934 213.65999999995066
46.419999999999334 213.74999999995057
46.43999999999933 213.84999999995048
46.459999999999326 213.9399999999504
46.47999999999932 214.02999999995032
46.49999999999932 214.11999999995024
46.519999999999314 214.20999999995016
46.53999999999931 214.30999999995007
46.559999999999306 214.39999999994998
46.5799999999993 214.4899999999499
46.5999999999993 214.57999999994982
46.619999999999294 214.66999999994974
46.63999999999929 214.76999999994965
46.659999999999286 214.85999999994957
46.67999999999928 214.94999999994948
46.69999999999928 215.0399999999494
46.719999999999274 215.12999999994932
46.73999999999927 215.22999999994923
46.759999999999266 215.31999999994915
46.77999999999926 215.40999999994906
46.79999999999926 215.49999999994898
46.819999999999254 215.5999999999489
46.83999999999925 215.6899999999488
46.859999999999246 215.77999999994873
46.87999999999924 215.86999999994865
46.89999999999924 215.95999999994856
46.919999999999234 216.05999999994847
46.93999999999923 216.1499999999484
46.959999999999226 216.2399999999483
46.97999999999922 216.32999999994823
46.99999999999922 216.41999999994815
47.019999999999214 216.51999999994806
47.03999999999921 216.60999999994797
47.05999999999921 216.6999999999479
47.0799999999992 216.7899999999478
47.0999999999992 216.87999999994773
47.119999999999195 216.97999999994764
47.13999999999919 217.06999999994756
47.15999999999919 217.15999999994747
47.17999999999918 217.2499999999474
47.19999999999918 217.3499999999473
47.219999999999175 217.43999999994722
47.23999999999917 217.52999999994714
47.25999999999917 217.61999999994705
47.27999999999916 217.70999999994697
47.29999999999916 217.80999999994688
47.319999999999155 217.8999999999468
47.33999999999915 217.98999999994672
47.35999999999915 218.07999999994664
47.37999999999914 218.16999999994655
47.39999999999914 218.26999999994646
47.419999999999135 218.35999999994638
47.43999999999913 218.4499999999463
47.45999999999913 218.53999999994622
47.47999999999912 218.62999999994614
47.49999999999912 218.72999999994605
47.519999999999115 218.81999999994596
47.53999999999911 218.90999999994588
47.55999999999911 218.9999999999458
47.5799999999991 219.0999999999457
47.5999999999991 219.18999999994563
47.619999999999095 219.27999999994555
47.63999999999909 219.36999999994546
47.65999999999909 219.45999999994538
47.67999999999908 219.5599999999453
47.69999999999908 219.6499999999452
47.719999999999075 219.73999999994513
47.73999999999907 219.82999999994504
47.75999999999907 219.91999999994496
47.77999999999906 220.01999999994487
47.79999999999906 220.1099999999448
47.819999999999055 220.1999999999447
47.83999999999905 220.28999999994463
47.85999999999905 220.37999999994454
47.87999999999904 220.47999999994445
47.89999999999904 220.56999999994437
47.919999999999035 220.6599999999443
47.93999999999903 220.7499999999442
47.95999999999903 220.84999999994412
47.97999999999902 220.93999999994404
47.99999999999902 221.02999999994395
48.019999999999015 221.11999999994387
48.03999999999901 221.2099999999438
48.05999999999901 221.3099999999437
48.079999999999 221.39999999994362
48.099999999999 221.48999999994354
48.119999999998996 221.57999999994345
48.13999999999899 221.66999999994337
48.15999999999899 221.76999999994328
48.179999999998984 221.8599999999432
48.19999999999898 221.94999999994312
48.219999999998976 222.03999999994303
48.23999999999897 222.12999999994295
48.25999999999897 222.22999999994286
48.279999999998964 222.31999999994278
48.29999999999896 222.4099999999427
48.319999999998956 222.49999999994262
48.33999999999895 222.59999999994253
48.35999999999895 222.68999999994244
48.379999999998944 222.77999999994236
48.39999999999894 222.86999999994228
48.419999999998936 222.9599999999422
48.43999999999893 223.0599999999421
48.45999999999893 223.14999999994203
48.479999999998924 223.23999999994194
48.49999999999892 223.32999999994186
48.519999999998916 223.41999999994178
48.53999999999891 223.5199999999417
48.55999999999891 223.6099999999416
48.579999999998904 223.69999999994153
48.5999999999989 223.78999999994144
48.619999999998896 223.87999999994136
48.63999999999889 223.97999999994127
48.65999999999889 224.0699999999412
48.679999999998884 224.1599999999411
48.69999999999888 224.24999999994102
48.719999999998876 224.34999999994093
48.73999999999887 224.43999999994085
48.75999999999887 224.52999999994077
48.779999999998864 224.6199999999407
48.79999999999886 224.7099999999406
48.819999999998856 224.80999999994052
48.83999999999885 224.89999999994043
48.85999999999885 224.98999999994035
48.879999999998844 225.07999999994027
48.89999999999884 225.1699999999402
48.919999999998836 225.2699999999401
48.93999999999883 225.35999999994002
48.95999999999883 225.44999999993993
48.979999999998824 225.53999999993985
48.99999999999882 225.63999999993976
49.01999999999882 225.72999999993968
49.03999999999881 225.8199999999396
49.05999999999881 225.90999999993952
49.079999999998805 225.99999999993943
49.0999999999988 226.09999999993934
49.1199999999988 226.18999999993926
49.13999999999879 226.27999999993918
49.15999999999879 226.3699999999391
49.179999999998785 226.45999999993901
49.19999999999878 226.55999999993892
49.21999999999878 226.64999999993884
49.23999999999877 226.73999999993876
49.25999999999877 226.82999999993868
49.279999999998765 226.9199999999386
49.29999999999876 227.0199999999385
49.31999999999876 227.10999999993842
49.33999999999875 227.19999999993834
49.35999999999875 227.28999999993826
49.379999999998745 227.38999999993817
49.39999999999874 227.4799999999381
49.41999999999874 227.569999999938
49.43999999999873 227.65999999993792
49.45999999999873 227.74999999993784
49.479999999998725 227.84999999993775
49.49999999999872 227.93999999993767
49.51999999999872 228.0299999999376
49.53999999999871 228.1199999999375
49.55999999999871 228.20999999993742
49.579999999998705 228.30999999993733
49.5999999999987 228.39999999993725
49.6199999999987 228.48999999993717
49.63999999999869 228.5799999999371
49.65999999999869 228.669999999937
49.679999999998685 228.7699999999369
49.69999999999868 228.85999999993683
49.71999999999868 228.94999999993675
49.73999999999867 229.03999999993667
49.75999999999867 229.13999999993658
49.779999999998665 229.2299999999365
49.79999999999866 229.3199999999364
49.81999999999866 229.40999999993633
49.83999999999865 229.49999999993625
49.85999999999865 229.59999999993616
49.879999999998645 229.68999999993608
49.89999999999864 229.779999999936
49.91999999999864 229.8699999999359
49.93999999999863 229.95999999993583
49.95999999999863 230.05999999993574
49.979999999998626 230.14999999993566
49.99999999999862 230.23999999993558
