0.02 78.84000000022223
0.04 38.18000000021978
0.060000000000000005 25.62000000022001
0.08 19.35000000021903
0.09999999999999999 16.040000000218512
0.11999999999999998 13.090000000218568
0.13999999999999999 10.260000000218628
0.16 9.960000000218635
0.18000000000000002 7.330000000218691
0.20000000000000004 7.230000000218693
0.22000000000000006 7.080000000218696
0.24000000000000007 6.820000000218702
0.26000000000000006 4.470000000218752
0.2800000000000001 4.450000000218752
0.3000000000000001 4.420000000218753
0.3200000000000001 4.390000000218754
0.34000000000000014 4.350000000218754
0.36000000000000015 4.3000000002187555
0.38000000000000017 4.240000000218757
0.4000000000000002 4.1600000002187585
0.4200000000000002 4.060000000218761
0.4400000000000002 3.900000000218764
0.46000000000000024 1.8300000002188044
0.48000000000000026 1.8500000002188044
0.5000000000000002 1.8700000002188044
0.5200000000000002 1.8900000002188044
0.5400000000000003 1.9100000002188045
0.5600000000000003 1.9300000002188045
0.5800000000000003 1.9500000002188045
0.6 2.049999999999674
0.62 2.089999999999673
0.64 2.1199999999996724
0.66 2.1599999999996715
0.68 2.1999999999996707
0.7000000000000001 2.23999999999967
0.7200000000000001 2.279999999999669
0.7400000000000001 2.319999999999668
0.7600000000000001 2.369999999999667
0.7800000000000001 2.409999999999666
0.8000000000000002 2.459999999999665
0.8200000000000002 2.509999999999664
0.8400000000000002 2.559999999999663
0.8600000000000002 2.609999999999662
0.8800000000000002 2.659999999999661
0.9000000000000002 2.70999999999966
0.9200000000000003 2.7699999999996585
0.9400000000000003 2.8199999999996574
0.9600000000000003 2.879999999999656
0.9800000000000003 2.939999999999655
1.0 2.9899999999999802
1.02 3.049999999999979
1.04 3.1099999999999777
1.06 3.1699999999999764
1.08 3.239999999999975
1.1 3.2999999999999736
1.12 3.3599999999999723
1.1400000000000001 3.429999999999971
1.1600000000000001 3.4899999999999696
1.1800000000000002 3.559999999999968
1.2000000000000002 3.619999999999967
1.2200000000000002 3.6899999999999653
1.2400000000000002 3.749999999999964
1.2600000000000002 3.8199999999999625
1.2800000000000002 3.889999999999961
1.3000000000000003 3.9499999999999598
1.3200000000000003 4.019999999999959
1.3400000000000003 4.089999999999957
1.3600000000000003 4.149999999999956
1.3800000000000003 4.2199999999999545
1.4000000000000004 4.289999999999953
1.4200000000000004 4.349999999999952
1.4400000000000004 4.41999999999995
1.4600000000000004 4.489999999999949
1.4800000000000004 4.549999999999947
1.5000000000000004 4.619999999999946
1.5200000000000005 4.689999999999944
1.5400000000000005 4.749999999999943
1.5600000000000005 4.819999999999942
1.5800000000000005 4.88999999999994
1.6000000000000005 4.949999999999939
1.6200000000000006 5.019999999999937
1.6400000000000006 5.089999999999936
1.6600000000000006 5.149999999999935
1.6800000000000006 5.219999999999933
1.7000000000000006 5.289999999999932
1.7200000000000006 5.34999999999993
1.7400000000000007 5.419999999999929
1.7600000000000007 5.489999999999927
1.7800000000000007 5.549999999999926
1.8000000000000007 5.619999999999925
1.8200000000000007 5.689999999999923
1.8400000000000007 5.749999999999922
1.8600000000000008 5.81999999999992
1.8800000000000008 5.879999999999919
1.9000000000000008 5.949999999999918
1.9200000000000008 6.019999999999916
1.9400000000000008 6.079999999999915
1.9600000000000009 6.149999999999913
1.9800000000000009 6.209999999999912
2.000000000000001 6.2799999999999105
2.0200000000000005 6.349999999999909
2.04 6.409999999999908
2.0599999999999996 6.479999999999906
2.079999999999999 6.539999999999905
2.0999999999999988 6.6099999999999035
2.1199999999999983 6.669999999999902
2.139999999999998 6.739999999999901
2.1599999999999975 6.809999999999899
2.179999999999997 6.869999999999898
2.1999999999999966 6.9399999999998965
2.219999999999996 6.999999999999895
2.2399999999999958 7.069999999999894
2.2599999999999953 7.129999999999892
2.279999999999995 7.199999999999891
2.2999999999999945 7.269999999999889
2.319999999999994 7.329999999999888
2.3399999999999936 7.399999999999887
2.359999999999993 7.459999999999885
2.379999999999993 7.529999999999884
2.3999999999999924 7.589999999999883
2.419999999999992 7.659999999999881
2.4399999999999915 7.71999999999988
2.459999999999991 7.789999999999878
2.4799999999999907 7.849999999999877
2.4999999999999902 7.919999999999876
2.51999999999999 7.989999999999874
2.5399999999999894 8.049999999999873
2.559999999999989 8.119999999999871
2.5799999999999885 8.17999999999987
2.599999999999988 8.249999999999869
2.6199999999999877 8.309999999999867
2.6399999999999872 8.379999999999866
2.659999999999987 8.439999999999864
2.6799999999999864 8.509999999999863
2.699999999999986 8.569999999999862
2.7199999999999855 8.63999999999986
2.739999999999985 8.699999999999859
2.7599999999999847 8.769999999999857
2.7799999999999843 8.829999999999856
2.799999999999984 8.899999999999855
2.8199999999999834 8.959999999999853
2.839999999999983 9.029999999999852
2.8599999999999826 9.08999999999985
2.879999999999982 9.15999999999985
2.8999999999999817 9.219999999999848
2.9199999999999813 9.289999999999846
2.939999999999981 9.349999999999845
2.9599999999999804 9.419999999999844
2.97999999999998 9.479999999999842
2.9999999999999796 9.54999999999984
3.019999999999979 9.60999999999984
3.0399999999999787 9.679999999999838
3.0599999999999783 9.739999999999837
3.079999999999978 9.809999999999835
3.0999999999999774 9.869999999999834
3.119999999999977 9.939999999999833
3.1399999999999766 9.999999999999831
3.159999999999976 10.06999999999983
3.1799999999999757 10.129999999999828
3.1999999999999753 10.199999999999827
3.219999999999975 10.259999999999826
3.2399999999999745 10.329999999999824
3.259999999999974 10.389999999999823
3.2799999999999736 10.459999999999821
3.299999999999973 10.51999999999982
3.3199999999999728 10.589999999999819
3.3399999999999723 10.649999999999817
3.359999999999972 10.719999999999816
3.3799999999999715 10.779999999999815
3.399999999999971 10.849999999999813
3.4199999999999706 10.909999999999812
3.43999999999997 10.97999999999981
3.4599999999999698 11.039999999999809
3.4799999999999693 11.109999999999808
3.499999999999969 11.169999999999806
3.5199999999999685 11.239999999999805
3.539999999999968 11.299999999999804
3.5599999999999676 11.369999999999802
3.579999999999967 11.4299999999998
3.599999999999967 11.4999999999998
3.6199999999999664 11.559999999999798
3.639999999999966 11.629999999999797
3.6599999999999655 11.689999999999795
3.679999999999965 11.759999999999794
3.6999999999999647 11.819999999999792
3.7199999999999642 11.889999999999791
3.739999999999964 11.94999999999979
3.7599999999999634 12.019999999999788
3.779999999999963 12.079999999999787
3.7999999999999625 12.149999999999785
3.819999999999962 12.209999999999784
3.8399999999999617 12.279999999999783
3.8599999999999612 12.339999999999781
3.879999999999961 12.40999999999978
3.8999999999999604 12.469999999999779
3.91999999999996 12.539999999999777
3.9399999999999595 12.599999999999776
3.959999999999959 12.659999999999775
3.9799999999999587 12.729999999999773
3.9999999999999583 12.789999999999772
4.019999999999958 12.85999999999977
4.039999999999957 12.919999999999769
4.059999999999957 12.989999999999768
4.0799999999999566 13.049999999999766
4.099999999999956 13.119999999999765
4.119999999999956 13.179999999999763
4.139999999999955 13.249999999999762
4.159999999999955 13.30999999999976
4.179999999999954 13.37999999999976
4.199999999999954 13.439999999999758
4.219999999999954 13.509999999999756
4.239999999999953 13.569999999999755
4.259999999999953 13.639999999999754
4.279999999999952 13.699999999999752
4.299999999999952 13.76999999999975
4.319999999999951 13.82999999999975
4.339999999999951 13.889999999999748
4.359999999999951 13.959999999999747
4.37999999999995 14.019999999999746
4.39999999999995 14.089999999999744
4.419999999999949 14.149999999999743
4.439999999999949 14.219999999999741
4.4599999999999485 14.27999999999974
4.479999999999948 14.349999999999739
4.499999999999948 14.409999999999737
4.519999999999947 14.479999999999736
4.539999999999947 14.539999999999734
4.559999999999946 14.609999999999733
4.579999999999946 14.669999999999732
4.5999999999999455 14.73999999999973
4.619999999999945 14.799999999999729
4.639999999999945 14.859999999999728
4.659999999999944 14.929999999999726
4.679999999999944 14.989999999999725
4.699999999999943 15.059999999999723
4.719999999999943 15.119999999999722
4.7399999999999425 15.18999999999972
4.759999999999942 15.24999999999972
4.779999999999942 15.319999999999718
4.799999999999941 15.379999999999717
4.819999999999941 15.449999999999715
4.83999999999994 15.509999999999714
4.85999999999994 15.579999999999712
4.8799999999999395 15.639999999999711
4.899999999999939 15.70999999999971
4.919999999999939 15.769999999999708
4.939999999999938 15.829999999999707
4.959999999999938 15.899999999999705
4.979999999999937 15.959999999999704
4.999999999999937 16.029999999999706
5.0199999999999365 16.089999999999716
5.039999999999936 16.159999999999727
5.059999999999936 16.219999999999736
5.079999999999935 16.289999999999747
5.099999999999935 16.349999999999756
5.119999999999934 16.419999999999767
5.139999999999934 16.479999999999777
5.1599999999999335 16.549999999999788
5.179999999999933 16.609999999999797
5.199999999999933 16.669999999999806
5.219999999999932 16.739999999999817
5.239999999999932 16.799999999999827
5.259999999999931 16.869999999999838
5.279999999999931 16.929999999999847
5.2999999999999305 16.999999999999858
5.31999999999993 17.059999999999867
5.33999999999993 17.129999999999878
5.359999999999929 17.189999999999888
5.379999999999929 17.2599999999999
5.399999999999928 17.319999999999908
5.419999999999928 17.38999999999992
5.439999999999928 17.44999999999993
5.459999999999927 17.509999999999938
5.479999999999927 17.57999999999995
5.499999999999926 17.639999999999958
5.519999999999926 17.70999999999997
5.539999999999925 17.76999999999998
5.559999999999925 17.83999999999999
5.579999999999925 17.9
5.599999999999924 17.97000000000001
5.619999999999924 18.03000000000002
5.639999999999923 18.10000000000003
5.659999999999923 18.16000000000004
5.6799999999999224 18.22000000000005
5.699999999999922 18.29000000000006
5.719999999999922 18.35000000000007
5.739999999999921 18.42000000000008
5.759999999999921 18.48000000000009
5.77999999999992 18.5500000000001
5.79999999999992 18.61000000000011
5.8199999999999195 18.68000000000012
5.839999999999919 18.74000000000013
5.859999999999919 18.81000000000014
5.879999999999918 18.87000000000015
5.899999999999918 18.93000000000016
5.919999999999917 19.00000000000017
5.939999999999917 19.06000000000018
5.9599999999999165 19.13000000000019
5.979999999999916 19.1900000000002
5.999999999999916 19.26000000000021
6.019999999999915 19.32000000000022
6.039999999999915 19.39000000000023
6.059999999999914 19.45000000000024
6.079999999999914 19.520000000000252
6.0999999999999135 19.58000000000026
6.119999999999913 19.64000000000027
6.139999999999913 19.71000000000028
6.159999999999912 19.77000000000029
6.179999999999912 19.840000000000302
6.199999999999911 19.90000000000031
6.219999999999911 19.970000000000322
6.2399999999999105 20.03000000000033
6.25999999999991 20.100000000000342
6.27999999999991 20.160000000000352
6.299999999999909 20.230000000000363
6.319999999999909 20.290000000000372
6.339999999999908 20.35000000000038
6.359999999999908 20.420000000000393
6.3799999999999075 20.480000000000402
6.399999999999907 20.550000000000413
6.419999999999907 20.610000000000422
6.439999999999906 20.680000000000433
6.459999999999906 20.740000000000443
6.479999999999905 20.810000000000453
6.499999999999905 20.870000000000463
6.5199999999999045 20.940000000000474
6.539999999999904 21.000000000000483
6.559999999999904 21.060000000000493
6.579999999999903 21.130000000000503
6.599999999999903 21.190000000000513
6.619999999999902 21.260000000000524
6.639999999999902 21.320000000000533
6.6599999999999016 21.390000000000544
6.679999999999901 21.450000000000554
6.699999999999901 21.520000000000564
6.7199999999999 21.580000000000574
6.7399999999999 21.640000000000583
6.759999999999899 21.710000000000594
6.779999999999899 21.770000000000604
6.799999999999899 21.840000000000614
6.819999999999898 21.900000000000624
6.839999999999898 21.970000000000635
6.859999999999897 22.030000000000644
6.879999999999897 22.100000000000655
6.899999999999896 22.160000000000664
6.919999999999896 22.230000000000675
6.939999999999896 22.290000000000685
6.959999999999895 22.350000000000694
6.979999999999895 22.420000000000705
6.999999999999894 22.480000000000715
7.019999999999894 22.550000000000725
7.0399999999998935 22.610000000000735
7.059999999999893 22.680000000000746
7.079999999999893 22.740000000000755
7.099999999999892 22.810000000000766
7.119999999999892 22.870000000000775
7.139999999999891 22.940000000000786
7.159999999999891 23.000000000000796
7.1799999999998905 23.060000000000805
7.19999999999989 23.130000000000816
7.21999999999989 23.190000000000826
7.239999999999889 23.260000000000836
7.259999999999889 23.320000000000846
7.279999999999888 23.390000000000857
7.299999999999888 23.450000000000866
7.3199999999998875 23.520000000000877
7.339999999999887 23.580000000000886
7.359999999999887 23.640000000000896
7.379999999999886 23.710000000000907
7.399999999999886 23.770000000000916
7.419999999999885 23.840000000000927
7.439999999999885 23.900000000000936
7.4599999999998845 23.970000000000947
7.479999999999884 24.030000000000957
7.499999999999884 24.100000000000968
7.519999999999883 24.160000000000977
7.539999999999883 24.220000000000987
7.559999999999882 24.290000000000997
7.579999999999882 24.350000000001007
7.5999999999998815 24.420000000001018
7.619999999999881 24.480000000001027
7.639999999999881 24.550000000001038
7.65999999999988 24.610000000001047
7.67999999999988 24.68000000000106
7.699999999999879 24.740000000001068
7.719999999999879 24.81000000000108
7.7399999999998785 24.870000000001088
7.759999999999878 24.930000000001098
7.779999999999878 25.00000000000111
7.799999999999877 25.060000000001118
7.819999999999877 25.13000000000113
7.839999999999876 25.190000000001138
7.859999999999876 25.26000000000115
7.8799999999998755 25.32000000000116
7.899999999999875 25.39000000000117
7.919999999999875 25.45000000000118
7.939999999999874 25.510000000001188
7.959999999999874 25.5800000000012
7.979999999999873 25.64000000000121
7.999999999999873 25.71000000000122
8.019999999999873 25.77000000000123
8.039999999999873 25.84000000000124
8.059999999999873 25.90000000000125
8.079999999999872 25.97000000000126
8.099999999999872 26.03000000000127
8.119999999999871 26.09000000000128
8.139999999999871 26.16000000000129
8.15999999999987 26.2200000000013
8.17999999999987 26.29000000000131
8.19999999999987 26.35000000000132
8.21999999999987 26.42000000000133
8.239999999999869 26.48000000000134
8.259999999999868 26.55000000000135
8.279999999999868 26.61000000000136
8.299999999999867 26.67000000000137
8.319999999999867 26.74000000000138
8.339999999999867 26.80000000000139
8.359999999999866 26.8700000000014
8.379999999999866 26.93000000000141
8.399999999999865 27.00000000000142
8.419999999999865 27.06000000000143
8.439999999999864 27.13000000000144
8.459999999999864 27.19000000000145
8.479999999999864 27.26000000000146
8.499999999999863 27.32000000000147
8.519999999999863 27.38000000000148
8.539999999999862 27.45000000000149
8.559999999999862 27.5100000000015
8.579999999999862 27.58000000000151
8.599999999999861 27.64000000000152
8.61999999999986 27.710000000001532
8.63999999999986 27.77000000000154
8.65999999999986 27.840000000001552
8.67999999999986 27.90000000000156
8.699999999999859 27.96000000000157
8.719999999999859 28.030000000001582
8.739999999999858 28.09000000000159
8.759999999999858 28.160000000001602
8.779999999999857 28.220000000001612
8.799999999999857 28.290000000001623
8.819999999999856 28.350000000001632
8.839999999999856 28.420000000001643
8.859999999999856 28.480000000001652
8.879999999999855 28.540000000001662
8.899999999999855 28.610000000001673
8.919999999999854 28.670000000001682
8.939999999999854 28.740000000001693
8.959999999999853 28.800000000001702
8.979999999999853 28.870000000001713
8.999999999999853 28.930000000001723
9.019999999999852 29.000000000001734
9.039999999999852 29.060000000001743
9.059999999999851 29.120000000001752
9.07999999999985 29.190000000001763
9.09999999999985 29.250000000001773
9.11999999999985 29.320000000001784
9.13999999999985 29.380000000001793
9.15999999999985 29.450000000001804
9.179999999999849 29.510000000001813
9.199999999999848 29.580000000001824
9.219999999999848 29.640000000001834
9.239999999999847 29.700000000001843
9.259999999999847 29.770000000001854
9.279999999999847 29.830000000001863
9.299999999999846 29.900000000001874
9.319999999999846 29.960000000001884
9.339999999999845 30.030000000001895
9.359999999999845 30.090000000001904
9.379999999999844 30.160000000001915
9.399999999999844 30.220000000001924
9.419999999999844 30.280000000001934
9.439999999999843 30.350000000001945
9.459999999999843 30.410000000001954
9.479999999999842 30.480000000001965
9.499999999999842 30.540000000001974
9.519999999999841 30.610000000001985
9.539999999999841 30.670000000001995
9.55999999999984 30.740000000002006
9.57999999999984 30.800000000002015
9.59999999999984 30.860000000002024
9.61999999999984 30.930000000002035
9.639999999999839 30.990000000002045
9.659999999999838 31.060000000002056
9.679999999999838 31.120000000002065
9.699999999999838 31.190000000002076
9.719999999999837 31.250000000002085
9.739999999999837 31.320000000002096
9.759999999999836 31.380000000002106
9.779999999999836 31.440000000002115
9.799999999999836 31.510000000002126
9.819999999999835 31.570000000002135
9.839999999999835 31.640000000002146
9.859999999999834 31.700000000002156
9.879999999999834 31.770000000002167
9.899999999999833 31.830000000002176
9.919999999999833 31.900000000002187
9.939999999999833 31.960000000002196
9.959999999999832 32.0200000000022
9.979999999999832 32.090000000002185
9.999999999999831 32.15000000000217
10.01999999999983 32.22000000000216
10.03999999999983 32.28000000000215
10.05999999999983 32.35000000000213
10.07999999999983 32.41000000000212
10.09999999999983 32.48000000000211
10.119999999999829 32.540000000002095
10.139999999999828 32.60000000000208
10.159999999999828 32.67000000000207
10.179999999999827 32.73000000000206
10.199999999999827 32.80000000000204
10.219999999999827 32.86000000000203
10.239999999999826 32.93000000000202
10.259999999999826 32.990000000002006
10.279999999999825 33.06000000000199
10.299999999999825 33.12000000000198
10.319999999999824 33.18000000000197
10.339999999999824 33.250000000001954
10.359999999999824 33.31000000000194
10.379999999999823 33.38000000000193
10.399999999999823 33.440000000001916
10.419999999999822 33.5100000000019
10.439999999999822 33.57000000000189
10.459999999999821 33.640000000001876
10.479999999999821 33.700000000001864
10.49999999999982 33.76000000000185
10.51999999999982 33.83000000000184
10.53999999999982 33.89000000000183
10.55999999999982 33.96000000000181
10.579999999999819 34.0200000000018
10.599999999999818 34.09000000000179
10.619999999999818 34.150000000001775
10.639999999999818 34.22000000000176
10.659999999999817 34.28000000000175
10.679999999999817 34.34000000000174
10.699999999999816 34.41000000000172
10.719999999999816 34.47000000000171
10.739999999999815 34.5400000000017
10.759999999999815 34.600000000001685
10.779999999999815 34.67000000000167
10.799999999999814 34.73000000000166
10.819999999999814 34.800000000001646
10.839999999999813 34.860000000001634
10.859999999999813 34.92000000000162
10.879999999999812 34.99000000000161
10.899999999999812 35.050000000001596
10.919999999999812 35.12000000000158
10.939999999999811 35.18000000000157
10.95999999999981 35.250000000001556
10.97999999999981 35.310000000001544
10.99999999999981 35.37000000000153
11.01999999999981 35.44000000000152
11.039999999999809 35.500000000001506
11.059999999999809 35.57000000000149
11.079999999999808 35.63000000000148
11.099999999999808 35.70000000000147
11.119999999999807 35.760000000001455
11.139999999999807 35.83000000000144
11.159999999999807 35.89000000000143
11.179999999999806 35.95000000000142
11.199999999999806 36.0200000000014
11.219999999999805 36.08000000000139
11.239999999999805 36.15000000000138
11.259999999999804 36.210000000001365
11.279999999999804 36.28000000000135
11.299999999999804 36.34000000000134
11.319999999999803 36.410000000001325
11.339999999999803 36.47000000000131
11.359999999999802 36.5300000000013
11.379999999999802 36.60000000000129
11.399999999999801 36.660000000001276
11.419999999999801 36.73000000000126
11.4399999999998 36.79000000000125
11.4599999999998 36.860000000001236
11.4799999999998 36.920000000001224
11.4999999999998 36.99000000000121
11.519999999999799 37.0500000000012
11.539999999999798 37.110000000001186
11.559999999999798 37.18000000000117
11.579999999999798 37.24000000000116
11.599999999999797 37.310000000001146
11.619999999999797 37.370000000001134
11.639999999999796 37.44000000000112
11.659999999999796 37.50000000000111
11.679999999999795 37.570000000001095
11.699999999999795 37.63000000000108
11.719999999999795 37.69000000000107
11.739999999999794 37.76000000000106
11.759999999999794 37.820000000001045
11.779999999999793 37.89000000000103
11.799999999999793 37.95000000000102
11.819999999999792 38.020000000001005
11.839999999999792 38.08000000000099
11.859999999999792 38.15000000000098
11.879999999999791 38.21000000000097
11.89999999999979 38.270000000000955
11.91999999999979 38.34000000000094
11.93999999999979 38.40000000000093
11.95999999999979 38.470000000000915
11.979999999999789 38.5300000000009
11.999999999999789 38.60000000000089
12.019999999999788 38.66000000000088
12.039999999999788 38.720000000000866
12.059999999999787 38.79000000000085
12.079999999999787 38.85000000000084
12.099999999999786 38.920000000000826
12.119999999999786 38.980000000000814
12.139999999999786 39.0500000000008
12.159999999999785 39.11000000000079
12.179999999999785 39.180000000000774
12.199999999999784 39.24000000000076
12.219999999999784 39.30000000000075
12.239999999999783 39.370000000000736
12.259999999999783 39.430000000000724
12.279999999999783 39.50000000000071
12.299999999999782 39.5600000000007
12.319999999999782 39.630000000000685
12.339999999999781 39.69000000000067
12.359999999999781 39.76000000000066
12.37999999999978 39.82000000000065
12.39999999999978 39.880000000000635
12.41999999999978 39.95000000000062
12.43999999999978 40.01000000000061
12.459999999999779 40.080000000000595
12.479999999999778 40.14000000000058
12.499999999999778 40.21000000000057
12.519999999999778 40.27000000000056
12.539999999999777 40.34000000000054
12.559999999999777 40.40000000000053
12.579999999999776 40.46000000000052
12.599999999999776 40.530000000000506
12.619999999999775 40.590000000000494
12.639999999999775 40.66000000000048
12.659999999999775 40.72000000000047
12.679999999999774 40.790000000000454
12.699999999999774 40.85000000000044
12.719999999999773 40.92000000000043
12.739999999999773 40.980000000000416
12.759999999999772 41.040000000000404
12.779999999999772 41.11000000000039
12.799999999999772 41.17000000000038
12.819999999999771 41.240000000000364
12.83999999999977 41.30000000000035
12.85999999999977 41.37000000000034
12.87999999999977 41.43000000000033
12.89999999999977 41.490000000000315
12.919999999999769 41.5600000000003
12.939999999999769 41.62000000000029
12.959999999999768 41.690000000000275
12.979999999999768 41.75000000000026
12.999999999999767 41.82000000000025
13.019999999999767 41.88000000000024
13.039999999999766 41.95000000000022
13.059999999999766 42.01000000000021
13.079999999999766 42.0700000000002
13.099999999999765 42.140000000000185
13.119999999999765 42.20000000000017
13.139999999999764 42.27000000000016
13.159999999999764 42.33000000000015
13.179999999999763 42.400000000000134
13.199999999999763 42.46000000000012
13.219999999999763 42.53000000000011
13.239999999999762 42.590000000000096
13.259999999999762 42.650000000000084
13.279999999999761 42.72000000000007
13.299999999999761 42.78000000000006
13.31999999999976 42.850000000000044
13.33999999999976 42.91000000000003
13.35999999999976 42.98000000000002
13.37999999999976 43.040000000000006
13.399999999999759 43.10999999999999
13.419999999999758 43.16999999999998
13.439999999999758 43.22999999999997
13.459999999999757 43.299999999999955
13.479999999999757 43.35999999999994
13.499999999999757 43.42999999999993
13.519999999999756 43.48999999999992
13.539999999999756 43.5599999999999
13.559999999999755 43.61999999999989
13.579999999999755 43.67999999999988
13.599999999999755 43.749999999999865
13.619999999999754 43.80999999999985
13.639999999999754 43.87999999999984
13.659999999999753 43.93999999999983
13.679999999999753 44.00999999999981
13.699999999999752 44.0699999999998
13.719999999999752 44.13999999999979
13.739999999999752 44.199999999999775
13.759999999999751 44.25999999999976
13.77999999999975 44.32999999999975
13.79999999999975 44.38999999999974
13.81999999999975 44.459999999999724
13.83999999999975 44.51999999999971
13.859999999999749 44.5899999999997
13.879999999999749 44.649999999999686
13.899999999999748 44.71999999999967
13.919999999999748 44.77999999999966
13.939999999999747 44.83999999999965
13.959999999999747 44.909999999999634
13.979999999999746 44.96999999999962
13.999999999999746 45.03999999999961
14.019999999999746 45.099999999999596
14.039999999999745 45.16999999999958
14.059999999999745 45.22999999999957
14.079999999999744 45.29999999999956
14.099999999999744 45.359999999999545
14.119999999999743 45.41999999999953
14.139999999999743 45.48999999999952
14.159999999999743 45.54999999999951
14.179999999999742 45.61999999999949
14.199999999999742 45.67999999999948
14.219999999999741 45.74999999999947
14.23999999999974 45.809999999999455
14.25999999999974 45.86999999999944
14.27999999999974 45.93999999999943
14.29999999999974 45.99999999999942
14.31999999999974 46.0699999999994
14.339999999999739 46.12999999999939
14.359999999999738 46.19999999999938
14.379999999999738 46.259999999999366
14.399999999999737 46.32999999999935
14.419999999999737 46.38999999999934
14.439999999999737 46.44999999999933
14.459999999999736 46.519999999999314
14.479999999999736 46.5799999999993
14.499999999999735 46.64999999999929
14.519999999999735 46.709999999999276
14.539999999999734 46.77999999999926
14.559999999999734 46.83999999999925
14.579999999999734 46.909999999999236
14.599999999999733 46.969999999999224
14.619999999999733 47.02999999999921
14.639999999999732 47.0999999999992
14.659999999999732 47.15999999999919
14.679999999999731 47.22999999999917
14.699999999999731 47.28999999999916
14.71999999999973 47.35999999999915
14.73999999999973 47.419999999999135
14.75999999999973 47.47999999999912
14.77999999999973 47.54999999999911
14.799999999999729 47.6099999999991
14.819999999999729 47.67999999999908
14.839999999999728 47.73999999999907
14.859999999999728 47.80999999999906
14.879999999999727 47.869999999999045
14.899999999999727 47.93999999999903
14.919999999999726 47.99999999999902
14.939999999999726 48.05999999999901
14.959999999999726 48.129999999998994
14.979999999999725 48.18999999999898
14.999999999999725 48.25999999999897
15.019999999999724 48.319999999998956
15.039999999999724 48.38999999999894
15.059999999999723 48.44999999999893
15.079999999999723 48.519999999998916
15.099999999999723 48.579999999998904
15.119999999999722 48.63999999999889
15.139999999999722 48.70999999999888
15.159999999999721 48.769999999998866
15.17999999999972 48.83999999999885
15.19999999999972 48.89999999999884
15.21999999999972 48.96999999999883
15.23999999999972 49.029999999998815
15.25999999999972 49.0999999999988
15.279999999999719 49.15999999999879
15.299999999999718 49.21999999999878
15.319999999999718 49.28999999999876
15.339999999999717 49.34999999999875
15.359999999999717 49.41999999999874
15.379999999999717 49.479999999998725
15.399999999999716 49.54999999999871
15.419999999999716 49.6099999999987
15.439999999999715 49.66999999999869
15.459999999999715 49.73999999999867
15.479999999999714 49.79999999999866
15.499999999999714 49.86999999999865
15.519999999999714 49.929999999998635
15.539999999999713 49.99999999999862
15.559999999999713 50.05999999999861
15.579999999999712 50.129999999998596
15.599999999999712 50.189999999998584
15.619999999999711 50.24999999999857
15.639999999999711 50.31999999999856
15.65999999999971 50.379999999998546
15.67999999999971 50.44999999999853
15.69999999999971 50.50999999999852
15.71999999999971 50.579999999998506
15.739999999999709 50.639999999998494
15.759999999999708 50.70999999999848
15.779999999999708 50.76999999999847
15.799999999999708 50.829999999998456
15.819999999999707 50.89999999999844
15.839999999999707 50.95999999999843
15.859999999999706 51.02999999999842
15.879999999999706 51.089999999998405
15.899999999999705 51.15999999999839
15.919999999999705 51.21999999999838
15.939999999999705 51.27999999999837
15.959999999999704 51.34999999999835
15.979999999999704 51.40999999999834
15.999999999999703 51.47999999999833
16.019999999999705 51.539999999998315
16.039999999999708 51.6099999999983
16.05999999999971 51.66999999999829
16.079999999999714 51.739999999998275
16.099999999999717 51.79999999999826
16.11999999999972 51.85999999999825
16.139999999999723 51.92999999999824
16.159999999999727 51.989999999998226
16.17999999999973 52.05999999999821
16.199999999999733 52.1199999999982
16.219999999999736 52.189999999998186
16.23999999999974 52.249999999998174
16.259999999999742 52.31999999999816
16.279999999999745 52.37999999999815
16.29999999999975 52.439999999998136
16.31999999999975 52.50999999999812
16.339999999999755 52.56999999999811
16.359999999999758 52.639999999998096
16.37999999999976 52.699999999998084
16.399999999999764 52.76999999999807
16.419999999999767 52.82999999999806
16.43999999999977 52.88999999999805
16.459999999999773 52.95999999999803
16.479999999999777 53.01999999999802
16.49999999999978 53.08999999999801
16.519999999999783 53.149999999997995
16.539999999999786 53.21999999999798
16.55999999999979 53.27999999999797
16.579999999999792 53.349999999997955
16.599999999999795 53.40999999999794
16.6199999999998 53.46999999999793
16.6399999999998 53.53999999999792
16.659999999999805 53.599999999997905
16.679999999999808 53.66999999999789
16.69999999999981 53.72999999999788
16.719999999999814 53.799999999997866
16.739999999999817 53.859999999997854
16.75999999999982 53.92999999999784
16.779999999999824 53.98999999999783
16.799999999999827 54.049999999997816
16.81999999999983 54.1199999999978
16.839999999999833 54.17999999999779
16.859999999999836 54.249999999997776
16.87999999999984 54.309999999997764
16.899999999999842 54.37999999999775
16.919999999999845 54.43999999999774
16.93999999999985 54.499999999997726
16.95999999999985 54.56999999999771
16.979999999999855 54.6299999999977
16.999999999999858 54.69999999999769
17.01999999999986 54.759999999997675
17.039999999999864 54.82999999999766
17.059999999999867 54.88999999999765
17.07999999999987 54.959999999997635
17.099999999999874 55.01999999999762
17.119999999999877 55.07999999999761
17.13999999999988 55.1499999999976
17.159999999999883 55.209999999997585
17.179999999999886 55.27999999999757
17.19999999999989 55.33999999999756
17.219999999999892 55.409999999997545
17.239999999999895 55.46999999999753
17.2599999999999 55.53999999999752
17.2799999999999 55.59999999999751
17.299999999999905 55.659999999997495
17.319999999999908 55.72999999999748
17.33999999999991 55.78999999999747
17.359999999999914 55.859999999997456
17.379999999999917 55.919999999997444
17.39999999999992 55.98999999999743
17.419999999999924 56.04999999999742
17.439999999999927 56.109999999997406
17.45999999999993 56.17999999999739
17.479999999999933 56.23999999999738
17.499999999999936 56.309999999997366
17.51999999999994 56.369999999997354
17.539999999999942 56.43999999999734
17.559999999999945 56.49999999999733
17.57999999999995 56.569999999997314
17.59999999999995 56.6299999999973
17.619999999999955 56.68999999999729
17.639999999999958 56.75999999999728
17.65999999999996 56.819999999997265
17.679999999999964 56.88999999999725
17.699999999999967 56.94999999999724
17.71999999999997 57.019999999997225
17.739999999999974 57.07999999999721
17.759999999999977 57.1499999999972
17.77999999999998 57.20999999999719
17.799999999999983 57.269999999997175
17.819999999999986 57.33999999999716
17.83999999999999 57.39999999999715
17.859999999999992 57.469999999997135
17.879999999999995 57.52999999999712
17.9 57.59999999999711
17.92 57.6599999999971
17.940000000000005 57.719999999997086
17.960000000000008 57.78999999999707
17.98000000000001 57.84999999999706
18.000000000000014 57.919999999997046
18.020000000000017 57.979999999997034
18.04000000000002 58.04999999999702
18.060000000000024 58.10999999999701
18.080000000000027 58.179999999996994
18.10000000000003 58.23999999999698
18.120000000000033 58.29999999999697
18.140000000000036 58.369999999996956
18.16000000000004 58.429999999996944
18.180000000000042 58.49999999999693
18.200000000000045 58.55999999999692
18.22000000000005 58.629999999996905
18.24000000000005 58.68999999999689
18.260000000000055 58.74999999999688
18.280000000000058 58.81999999999687
18.30000000000006 58.879999999996855
18.320000000000064 58.94999999999684
18.340000000000067 59.00999999999683
18.36000000000007 59.079999999996815
18.380000000000074 59.1399999999968
18.400000000000077 59.20999999999679
18.42000000000008 59.26999999999678
18.440000000000083 59.329999999996765
18.460000000000086 59.39999999999675
18.48000000000009 59.45999999999674
18.500000000000092 59.529999999996726
18.520000000000095 59.589999999996714
18.5400000000001 59.6599999999967
18.5600000000001 59.71999999999669
18.580000000000105 59.789999999996674
18.600000000000108 59.84999999999666
18.62000000000011 59.90999999999665
18.640000000000114 59.979999999996636
18.660000000000117 60.039999999996624
18.68000000000012 60.10999999999661
18.700000000000124 60.1699999999966
18.720000000000127 60.239999999996584
18.74000000000013 60.29999999999657
18.760000000000133 60.35999999999656
18.780000000000136 60.42999999999655
18.80000000000014 60.489999999996535
18.820000000000142 60.55999999999652
18.840000000000146 60.61999999999651
18.86000000000015 60.689999999996495
18.88000000000015 60.74999999999648
18.900000000000155 60.81999999999647
18.920000000000158 60.87999999999646
18.94000000000016 60.939999999996445
18.960000000000164 61.00999999999643
18.980000000000167 61.06999999999642
19.00000000000017 61.139999999996405
19.020000000000174 61.19999999999639
19.040000000000177 61.26999999999638
19.06000000000018 61.32999999999637
19.080000000000183 61.39999999999635
19.100000000000186 61.45999999999634
19.12000000000019 61.51999999999633
19.140000000000192 61.589999999996316
19.160000000000196 61.649999999996304
19.1800000000002 61.71999999999629
19.200000000000202 61.77999999999628
19.220000000000205 61.849999999996264
19.240000000000208 61.90999999999625
19.26000000000021 61.96999999999624
19.280000000000214 62.039999999996226
19.300000000000217 62.099999999996214
19.32000000000022 62.1699999999962
19.340000000000224 62.22999999999619
19.360000000000227 62.299999999996174
19.38000000000023 62.35999999999616
19.400000000000233 62.42999999999615
19.420000000000236 62.48999999999614
19.44000000000024 62.549999999996125
19.460000000000242 62.61999999999611
19.480000000000246 62.6799999999961
19.50000000000025 62.749999999996085
19.520000000000252 62.80999999999607
19.540000000000255 62.87999999999606
19.560000000000258 62.93999999999605
19.58000000000026 63.00999999999603
19.600000000000264 63.06999999999602
19.620000000000267 63.12999999999601
19.64000000000027 63.199999999995995
19.660000000000274 63.25999999999598
19.680000000000277 63.32999999999597
19.70000000000028 63.38999999999596
19.720000000000283 63.459999999995944
19.740000000000286 63.51999999999593
19.76000000000029 63.57999999999592
19.780000000000292 63.649999999995906
19.800000000000296 63.709999999995894
19.8200000000003 63.77999999999588
19.840000000000302 63.83999999999587
19.860000000000305 63.909999999995854
19.880000000000308 63.96999999999584
19.90000000000031 64.03999999999586
19.920000000000314 64.09999999999589
19.940000000000317 64.15999999999592
19.96000000000032 64.22999999999595
19.980000000000324 64.28999999999598
20.000000000000327 64.35999999999602
20.02000000000033 64.41999999999605
20.040000000000333 64.48999999999609
20.060000000000336 64.54999999999612
20.08000000000034 64.60999999999615
20.100000000000342 64.67999999999618
20.120000000000346 64.73999999999621
20.14000000000035 64.80999999999625
20.160000000000352 64.86999999999628
20.180000000000355 64.93999999999632
20.200000000000358 64.99999999999635
20.22000000000036 65.06999999999638
20.240000000000364 65.12999999999641
20.260000000000367 65.18999999999645
20.28000000000037 65.25999999999648
20.300000000000374 65.31999999999651
20.320000000000377 65.38999999999655
20.34000000000038 65.44999999999658
20.360000000000383 65.51999999999661
20.380000000000386 65.57999999999664
20.40000000000039 65.64999999999668
20.420000000000393 65.70999999999671
20.440000000000396 65.76999999999674
20.4600000000004 65.83999999999678
20.480000000000402 65.89999999999681
20.500000000000405 65.96999999999684
20.520000000000408 66.02999999999687
20.54000000000041 66.09999999999691
20.560000000000414 66.15999999999694
20.580000000000418 66.21999999999697
20.60000000000042 66.28999999999701
20.620000000000424 66.34999999999704
20.640000000000427 66.41999999999707
20.66000000000043 66.4799999999971
20.680000000000433 66.54999999999714
20.700000000000436 66.60999999999717
20.72000000000044 66.67999999999721
20.740000000000443 66.73999999999724
20.760000000000446 66.79999999999727
20.78000000000045 66.8699999999973
20.800000000000452 66.92999999999734
20.820000000000455 66.99999999999737
20.840000000000458 67.0599999999974
20.86000000000046 67.12999999999744
20.880000000000464 67.18999999999747
20.900000000000468 67.2499999999975
20.92000000000047 67.31999999999753
20.940000000000474 67.37999999999757
20.960000000000477 67.4499999999976
20.98000000000048 67.50999999999763
21.000000000000483 67.57999999999767
21.020000000000486 67.6399999999977
21.04000000000049 67.70999999999773
21.060000000000493 67.76999999999776
21.080000000000496 67.8299999999978
21.1000000000005 67.89999999999783
21.120000000000502 67.95999999999786
21.140000000000505 68.0299999999979
21.160000000000508 68.08999999999793
21.18000000000051 68.15999999999796
21.200000000000514 68.219999999998
21.220000000000518 68.28999999999803
21.24000000000052 68.34999999999806
21.260000000000524 68.40999999999809
21.280000000000527 68.47999999999813
21.30000000000053 68.53999999999816
21.320000000000533 68.6099999999982
21.340000000000536 68.66999999999823
21.36000000000054 68.73999999999826
21.380000000000543 68.79999999999829
21.400000000000546 68.85999999999832
21.42000000000055 68.92999999999836
21.440000000000552 68.98999999999839
21.460000000000555 69.05999999999842
21.480000000000558 69.11999999999846
21.50000000000056 69.18999999999849
21.520000000000564 69.24999999999852
21.540000000000568 69.31999999999856
21.56000000000057 69.37999999999859
21.580000000000574 69.43999999999862
21.600000000000577 69.50999999999866
21.62000000000058 69.56999999999869
21.640000000000583 69.63999999999872
21.660000000000586 69.69999999999875
21.68000000000059 69.76999999999879
21.700000000000593 69.82999999999882
21.720000000000596 69.88999999999885
21.7400000000006 69.95999999999889
21.760000000000602 70.01999999999892
21.780000000000605 70.08999999999895
21.80000000000061 70.14999999999898
21.82000000000061 70.21999999999902
21.840000000000614 70.27999999999905
21.860000000000618 70.34999999999908
21.88000000000062 70.40999999999912
21.900000000000624 70.46999999999915
21.920000000000627 70.53999999999918
21.94000000000063 70.59999999999921
21.960000000000633 70.66999999999925
21.980000000000636 70.72999999999928
22.00000000000064 70.79999999999932
22.020000000000643 70.85999999999935
22.040000000000646 70.92999999999938
22.06000000000065 70.98999999999941
22.080000000000652 71.04999999999944
22.100000000000655 71.11999999999948
22.12000000000066 71.17999999999951
22.14000000000066 71.24999999999955
22.160000000000664 71.30999999999958
22.180000000000668 71.37999999999961
22.20000000000067 71.43999999999964
22.220000000000674 71.49999999999967
22.240000000000677 71.56999999999971
22.26000000000068 71.62999999999974
22.280000000000683 71.69999999999978
22.300000000000686 71.7599999999998
22.32000000000069 71.82999999999984
22.340000000000693 71.88999999999987
22.360000000000696 71.95999999999991
22.3800000000007 72.01999999999994
22.400000000000702 72.07999999999997
22.420000000000705 72.15
22.44000000000071 72.21000000000004
22.46000000000071 72.28000000000007
22.480000000000715 72.3400000000001
22.500000000000718 72.41000000000014
22.52000000000072 72.47000000000017
22.540000000000724 72.5300000000002
22.560000000000727 72.60000000000024
22.58000000000073 72.66000000000027
22.600000000000733 72.7300000000003
22.620000000000736 72.79000000000033
22.64000000000074 72.86000000000037
22.660000000000743 72.9200000000004
22.680000000000746 72.99000000000044
22.70000000000075 73.05000000000047
22.720000000000752 73.1100000000005
22.740000000000755 73.18000000000053
22.76000000000076 73.24000000000056
22.78000000000076 73.3100000000006
22.800000000000765 73.37000000000063
22.820000000000768 73.44000000000067
22.84000000000077 73.5000000000007
22.860000000000774 73.57000000000073
22.880000000000777 73.63000000000076
22.90000000000078 73.6900000000008
22.920000000000783 73.76000000000083
22.940000000000786 73.82000000000086
22.96000000000079 73.8900000000009
22.980000000000793 73.95000000000093
23.000000000000796 74.02000000000096
23.0200000000008 74.080000000001
23.040000000000802 74.14000000000102
23.060000000000805 74.21000000000106
23.08000000000081 74.27000000000109
23.10000000000081 74.34000000000113
23.120000000000815 74.40000000000116
23.140000000000818 74.47000000000119
23.16000000000082 74.53000000000122
23.180000000000824 74.60000000000126
23.200000000000827 74.66000000000129
23.22000000000083 74.72000000000132
23.240000000000833 74.79000000000136
23.260000000000836 74.85000000000139
23.28000000000084 74.92000000000142
23.300000000000843 74.98000000000145
23.320000000000846 75.05000000000149
23.34000000000085 75.11000000000152
23.360000000000852 75.17000000000155
23.380000000000855 75.24000000000159
23.40000000000086 75.30000000000162
23.42000000000086 75.37000000000165
23.440000000000865 75.43000000000168
23.460000000000868 75.50000000000172
23.48000000000087 75.56000000000175
23.500000000000874 75.63000000000179
23.520000000000877 75.69000000000182
23.54000000000088 75.75000000000185
23.560000000000883 75.82000000000188
23.580000000000886 75.88000000000191
23.60000000000089 75.95000000000195
23.620000000000893 76.01000000000198
23.640000000000896 76.08000000000202
23.6600000000009 76.14000000000205
23.680000000000902 76.21000000000208
23.700000000000905 76.27000000000211
23.72000000000091 76.33000000000214
23.74000000000091 76.40000000000218
23.760000000000915 76.46000000000221
23.780000000000918 76.53000000000225
23.80000000000092 76.59000000000228
23.820000000000924 76.66000000000231
23.840000000000927 76.72000000000234
23.86000000000093 76.78000000000237
23.880000000000933 76.85000000000241
23.900000000000936 76.91000000000244
23.92000000000094 76.98000000000248
23.940000000000943 77.04000000000251
23.960000000000946 77.11000000000254
23.98000000000095 77.17000000000257
24.000000000000952 77.24000000000261
24.020000000000955 77.30000000000264
24.04000000000096 77.36000000000267
24.06000000000096 77.4300000000027
24.080000000000965 77.49000000000274
24.100000000000968 77.56000000000277
24.12000000000097 77.6200000000028
24.140000000000974 77.69000000000284
24.160000000000977 77.75000000000287
24.18000000000098 77.8100000000029
24.200000000000983 77.88000000000294
24.220000000000987 77.94000000000297
24.24000000000099 78.010000000003
24.260000000000993 78.07000000000303
24.280000000000996 78.14000000000307
24.300000000001 78.2000000000031
24.320000000001002 78.27000000000314
24.340000000001005 78.33000000000317
24.36000000000101 78.3900000000032
24.38000000000101 78.46000000000323
24.400000000001015 78.52000000000326
24.420000000001018 78.5900000000033
24.44000000000102 78.65000000000333
24.460000000001024 78.72000000000337
24.480000000001027 78.7800000000034
24.50000000000103 78.85000000000343
24.520000000001033 78.91000000000346
24.540000000001037 78.9700000000035
24.56000000000104 79.04000000000353
24.580000000001043 79.10000000000356
24.600000000001046 79.1700000000036
24.62000000000105 79.23000000000363
24.640000000001052 79.30000000000366
24.660000000001055 79.3600000000037
24.68000000000106 79.42000000000372
24.70000000000106 79.49000000000376
24.720000000001065 79.55000000000379
24.740000000001068 79.62000000000383
24.76000000000107 79.68000000000386
24.780000000001074 79.7500000000039
24.800000000001077 79.81000000000392
24.82000000000108 79.88000000000396
24.840000000001083 79.94000000000399
24.860000000001087 80.00000000000402
24.88000000000109 80.07000000000406
24.900000000001093 80.13000000000409
24.920000000001096 80.20000000000412
24.9400000000011 80.26000000000415
24.960000000001102 80.33000000000419
24.980000000001105 80.39000000000422
25.00000000000111 80.45000000000425
25.02000000000111 80.52000000000429
25.040000000001115 80.58000000000432
25.060000000001118 80.65000000000435
25.08000000000112 80.71000000000438
25.100000000001124 80.78000000000442
25.120000000001127 80.84000000000445
25.14000000000113 80.91000000000449
25.160000000001133 80.97000000000452
25.180000000001137 81.03000000000455
25.20000000000114 81.10000000000458
25.220000000001143 81.16000000000462
25.240000000001146 81.23000000000465
25.26000000000115 81.29000000000468
25.280000000001152 81.36000000000472
25.300000000001155 81.42000000000475
25.32000000000116 81.48000000000478
25.34000000000116 81.55000000000481
25.360000000001165 81.61000000000485
25.380000000001168 81.68000000000488
25.40000000000117 81.74000000000491
25.420000000001174 81.81000000000495
25.440000000001177 81.87000000000498
25.46000000000118 81.94000000000501
25.480000000001183 82.00000000000504
25.500000000001187 82.06000000000508
25.52000000000119 82.13000000000511
25.540000000001193 82.19000000000514
25.560000000001196 82.26000000000518
25.5800000000012 82.32000000000521
25.600000000001202 82.39000000000524
25.620000000001205 82.45000000000528
25.64000000000121 82.52000000000531
25.66000000000121 82.58000000000534
25.680000000001215 82.64000000000537
25.700000000001218 82.71000000000541
25.72000000000122 82.77000000000544
25.740000000001224 82.84000000000547
25.760000000001227 82.9000000000055
25.78000000000123 82.97000000000554
25.800000000001234 83.03000000000557
25.820000000001237 83.0900000000056
25.84000000000124 83.16000000000564
25.860000000001243 83.22000000000567
25.880000000001246 83.2900000000057
25.90000000000125 83.35000000000574
25.920000000001252 83.42000000000577
25.940000000001255 83.4800000000058
25.96000000000126 83.55000000000584
25.98000000000126 83.61000000000587
26.000000000001265 83.6700000000059
26.020000000001268 83.74000000000594
26.04000000000127 83.80000000000597
26.060000000001274 83.870000000006
26.080000000001277 83.93000000000603
26.10000000000128 84.00000000000607
26.120000000001284 84.0600000000061
26.140000000001287 84.12000000000613
26.16000000000129 84.19000000000617
26.180000000001293 84.2500000000062
26.200000000001296 84.32000000000623
26.2200000000013 84.38000000000626
26.240000000001302 84.4500000000063
26.260000000001305 84.51000000000633
26.28000000000131 84.58000000000636
26.30000000000131 84.6400000000064
26.320000000001315 84.70000000000643
26.340000000001318 84.77000000000646
26.36000000000132 84.83000000000649
26.380000000001324 84.90000000000653
26.400000000001327 84.96000000000656
26.42000000000133 85.0300000000066
26.440000000001334 85.09000000000663
26.460000000001337 85.15000000000666
26.48000000000134 85.22000000000669
26.500000000001343 85.28000000000672
26.520000000001346 85.35000000000676
26.54000000000135 85.41000000000679
26.560000000001352 85.48000000000683
26.580000000001355 85.54000000000686
26.60000000000136 85.61000000000689
26.62000000000136 85.67000000000692
26.640000000001365 85.73000000000695
26.660000000001368 85.80000000000699
26.68000000000137 85.86000000000702
26.700000000001374 85.93000000000706
26.720000000001377 85.99000000000709
26.74000000000138 86.06000000000712
26.760000000001384 86.12000000000715
26.780000000001387 86.19000000000719
26.80000000000139 86.25000000000722
26.820000000001393 86.31000000000725
26.840000000001396 86.38000000000729
26.8600000000014 86.44000000000732
26.880000000001402 86.51000000000735
26.900000000001405 86.57000000000738
26.92000000000141 86.64000000000742
26.94000000000141 86.70000000000745
26.960000000001415 86.76000000000748
26.980000000001418 86.83000000000752
27.00000000000142 86.89000000000755
27.020000000001424 86.96000000000758
27.040000000001427 87.02000000000761
27.06000000000143 87.09000000000765
27.080000000001434 87.15000000000768
27.100000000001437 87.22000000000772
27.12000000000144 87.28000000000775
27.140000000001443 87.34000000000778
27.160000000001446 87.41000000000781
27.18000000000145 87.47000000000784
27.200000000001452 87.54000000000788
27.220000000001455 87.60000000000791
27.24000000000146 87.67000000000795
27.26000000000146 87.73000000000798
27.280000000001465 87.790000000008
27.300000000001468 87.86000000000804
27.32000000000147 87.92000000000807
27.340000000001474 87.99000000000811
27.360000000001477 88.05000000000814
27.38000000000148 88.12000000000818
27.400000000001484 88.1800000000082
27.420000000001487 88.25000000000824
27.44000000000149 88.31000000000827
27.460000000001493 88.3700000000083
27.480000000001496 88.44000000000834
27.5000000000015 88.50000000000837
27.520000000001502 88.5700000000084
27.540000000001505 88.63000000000844
27.56000000000151 88.70000000000847
27.58000000000151 88.7600000000085
27.600000000001515 88.82000000000853
27.620000000001518 88.89000000000857
27.64000000000152 88.9500000000086
27.660000000001524 89.02000000000864
27.680000000001527 89.08000000000867
27.70000000000153 89.1500000000087
27.720000000001534 89.21000000000873
27.740000000001537 89.28000000000877
27.76000000000154 89.3400000000088
27.780000000001543 89.40000000000883
27.800000000001546 89.47000000000887
27.82000000000155 89.5300000000089
27.840000000001552 89.60000000000893
27.860000000001556 89.66000000000896
27.88000000000156 89.730000000009
27.90000000000156 89.79000000000903
27.920000000001565 89.86000000000907
27.940000000001568 89.9200000000091
27.96000000000157 89.98000000000913
27.980000000001574 90.05000000000916
28.000000000001577 90.1100000000092
28.02000000000158 90.18000000000923
28.040000000001584 90.24000000000926
28.060000000001587 90.3100000000093
28.08000000000159 90.37000000000933
28.100000000001593 90.43000000000936
28.120000000001596 90.5000000000094
28.1400000000016 90.56000000000942
28.160000000001602 90.63000000000946
28.180000000001606 90.69000000000949
28.20000000000161 90.76000000000953
28.220000000001612 90.82000000000956
28.240000000001615 90.8900000000096
28.260000000001618 90.95000000000962
28.28000000000162 91.01000000000965
28.300000000001624 91.08000000000969
28.320000000001627 91.14000000000972
28.34000000000163 91.21000000000976
28.360000000001634 91.27000000000979
28.380000000001637 91.34000000000982
28.40000000000164 91.40000000000985
28.420000000001643 91.46000000000988
28.440000000001646 91.53000000000992
28.46000000000165 91.59000000000995
28.480000000001652 91.66000000000999
28.500000000001656 91.72000000001002
28.52000000000166 91.79000000001005
28.540000000001662 91.85000000001008
28.560000000001665 91.92000000001012
28.580000000001668 91.98000000001015
28.60000000000167 92.04000000001018
28.620000000001674 92.11000000001022
28.640000000001677 92.17000000001025
28.66000000000168 92.24000000001028
28.680000000001684 92.30000000001031
28.700000000001687 92.37000000001035
28.72000000000169 92.43000000001038
28.740000000001693 92.49000000001041
28.760000000001696 92.56000000001045
28.7800000000017 92.62000000001048
28.800000000001702 92.69000000001051
28.820000000001706 92.75000000001054
28.84000000000171 92.82000000001058
28.860000000001712 92.88000000001061
28.880000000001715 92.95000000001065
28.900000000001718 93.01000000001068
28.92000000000172 93.07000000001071
28.940000000001724 93.14000000001074
28.960000000001727 93.20000000001077
28.98000000000173 93.27000000001081
29.000000000001734 93.33000000001084
29.020000000001737 93.40000000001088
29.04000000000174 93.46000000001091
29.060000000001743 93.53000000001094
29.080000000001746 93.59000000001097
29.10000000000175 93.650000000011
29.120000000001752 93.72000000001104
29.140000000001756 93.78000000001107
29.16000000000176 93.85000000001111
29.180000000001762 93.91000000001114
29.200000000001765 93.98000000001117
29.220000000001768 94.0400000000112
29.24000000000177 94.10000000001124
29.260000000001774 94.17000000001127
29.280000000001777 94.2300000000113
29.30000000000178 94.30000000001134
29.320000000001784 94.36000000001137
29.340000000001787 94.4300000000114
29.36000000000179 94.49000000001143
29.380000000001793 94.56000000001147
29.400000000001796 94.6200000000115
29.4200000000018 94.68000000001153
29.440000000001803 94.75000000001157
29.460000000001806 94.8100000000116
29.48000000000181 94.88000000001163
29.500000000001812 94.94000000001166
29.520000000001815 95.0100000000117
29.540000000001818 95.07000000001173
29.56000000000182 95.13000000001176
29.580000000001824 95.2000000000118
29.600000000001828 95.26000000001183
29.62000000000183 95.33000000001186
29.640000000001834 95.3900000000119
29.660000000001837 95.46000000001193
29.68000000000184 95.52000000001196
29.700000000001843 95.590000000012
29.720000000001846 95.65000000001203
29.74000000000185 95.71000000001206
29.760000000001853 95.7800000000121
29.780000000001856 95.84000000001213
29.80000000000186 95.91000000001216
29.820000000001862 95.97000000001219
29.840000000001865 96.04000000001223
29.860000000001868 96.10000000001226
29.88000000000187 96.16000000001229
29.900000000001874 96.23000000001232
29.920000000001878 96.29000000001236
29.94000000000188 96.36000000001239
29.960000000001884 96.42000000001242
29.980000000001887 96.49000000001246
30.00000000000189 96.55000000001249
30.020000000001893 96.62000000001252
30.040000000001896 96.68000000001256
30.0600000000019 96.74000000001259
30.080000000001903 96.81000000001262
30.100000000001906 96.87000000001265
30.12000000000191 96.94000000001269
30.140000000001912 97.00000000001272
30.160000000001915 97.07000000001275
30.180000000001918 97.13000000001279
30.20000000000192 97.19000000001282
30.220000000001924 97.26000000001285
30.240000000001928 97.32000000001288
30.26000000000193 97.39000000001292
30.280000000001934 97.45000000001295
30.300000000001937 97.52000000001298
30.32000000000194 97.58000000001302
30.340000000001943 97.65000000001305
30.360000000001946 97.71000000001308
30.38000000000195 97.77000000001311
30.400000000001953 97.84000000001315
30.420000000001956 97.90000000001318
30.44000000000196 97.97000000001321
30.460000000001962 98.03000000001325
30.480000000001965 98.10000000001328
30.500000000001968 98.16000000001331
30.52000000000197 98.23000000001335
30.540000000001974 98.29000000001338
30.560000000001978 98.35000000001341
30.58000000000198 98.42000000001345
30.600000000001984 98.48000000001348
30.620000000001987 98.55000000001351
30.64000000000199 98.61000000001354
30.660000000001993 98.68000000001358
30.680000000001996 98.74000000001361
30.700000000002 98.80000000001364
30.720000000002003 98.87000000001368
30.740000000002006 98.9300000000137
30.76000000000201 99.00000000001374
30.780000000002012 99.06000000001377
30.800000000002015 99.13000000001381
30.82000000000202 99.19000000001384
30.84000000000202 99.26000000001387
30.860000000002024 99.3200000000139
30.880000000002028 99.38000000001394
30.90000000000203 99.45000000001397
30.920000000002034 99.510000000014
30.940000000002037 99.58000000001404
30.96000000000204 99.64000000001407
30.980000000002043 99.7100000000141
31.000000000002046 99.77000000001414
31.02000000000205 99.83000000001417
31.040000000002053 99.9000000000142
31.060000000002056 99.96000000001423
31.08000000000206 100.03000000001427
31.100000000002062 100.0900000000143
31.120000000002065 100.16000000001434
31.14000000000207 100.22000000001437
31.16000000000207 100.2900000000144
31.180000000002075 100.35000000001443
31.200000000002078 100.41000000001446
31.22000000000208 100.4800000000145
31.240000000002084 100.54000000001453
31.260000000002087 100.61000000001457
31.28000000000209 100.6700000000146
31.300000000002093 100.74000000001463
31.320000000002096 100.80000000001466
31.3400000000021 100.8600000000147
31.360000000002103 100.93000000001473
31.380000000002106 100.99000000001476
31.40000000000211 101.0600000000148
31.420000000002112 101.12000000001483
31.440000000002115 101.19000000001486
31.46000000000212 101.2500000000149
31.48000000000212 101.32000000001493
31.500000000002125 101.38000000001496
31.520000000002128 101.44000000001499
31.54000000000213 101.51000000001503
31.560000000002134 101.57000000001506
31.580000000002137 101.64000000001509
31.60000000000214 101.70000000001512
31.620000000002143 101.77000000001516
31.640000000002146 101.83000000001519
31.66000000000215 101.89000000001522
31.680000000002153 101.96000000001526
31.700000000002156 102.02000000001529
31.72000000000216 102.09000000001532
31.740000000002162 102.15000000001535
31.760000000002165 102.22000000001539
31.78000000000217 102.28000000001542
31.80000000000217 102.35000000001546
31.820000000002175 102.41000000001549
31.840000000002178 102.47000000001552
31.86000000000218 102.54000000001555
31.880000000002184 102.60000000001558
31.900000000002187 102.67000000001562
31.92000000000219 102.73000000001565
31.940000000002193 102.80000000001569
31.960000000002196 102.86000000001572
31.9800000000022 102.93000000001575
32.0000000000022 102.99000000001578
32.0200000000022 103.05000000001581
32.040000000002195 103.12000000001585
32.06000000000219 103.18000000001588
32.08000000000219 103.25000000001592
32.10000000000218 103.31000000001595
32.12000000000218 103.38000000001598
32.140000000002175 103.44000000001601
32.16000000000217 103.50000000001604
32.18000000000217 103.57000000001608
32.20000000000216 103.63000000001611
32.22000000000216 103.70000000001615
32.240000000002155 103.76000000001618
32.26000000000215 103.83000000001621
32.28000000000215 103.89000000001624
32.30000000000214 103.96000000001628
32.32000000000214 104.02000000001631
32.340000000002135 104.08000000001634
32.36000000000213 104.15000000001638
32.38000000000213 104.21000000001641
32.40000000000212 104.28000000001644
32.42000000000212 104.34000000001647
32.440000000002115 104.41000000001651
32.46000000000211 104.47000000001654
32.48000000000211 104.53000000001657
32.5000000000021 104.6000000000166
32.5200000000021 104.66000000001664
32.540000000002095 104.73000000001667
32.56000000000209 104.7900000000167
32.58000000000209 104.86000000001674
32.60000000000208 104.92000000001677
32.62000000000208 104.9900000000168
32.640000000002075 105.05000000001684
32.66000000000207 105.11000000001687
32.68000000000207 105.1800000000169
32.70000000000206 105.24000000001693
32.72000000000206 105.31000000001697
32.740000000002055 105.370000000017
32.76000000000205 105.44000000001704
32.78000000000205 105.50000000001707
32.80000000000204 105.5600000000171
32.82000000000204 105.63000000001713
32.840000000002036 105.69000000001716
32.86000000000203 105.7600000000172
32.88000000000203 105.82000000001723
32.900000000002024 105.89000000001727
32.92000000000202 105.9500000000173
32.940000000002016 106.02000000001733
32.96000000000201 106.08000000001736
32.98000000000201 106.1400000000174
33.000000000002004 106.21000000001743
33.020000000002 106.27000000001746
33.040000000001996 106.3400000000175
33.06000000000199 106.40000000001753
33.08000000000199 106.47000000001756
33.100000000001984 106.5300000000176
33.12000000000198 106.59000000001762
33.140000000001976 106.66000000001766
33.16000000000197 106.72000000001769
33.18000000000197 106.79000000001773
33.200000000001964 106.85000000001776
33.22000000000196 106.9200000000178
33.240000000001956 106.98000000001782
33.26000000000195 107.05000000001786
33.28000000000195 107.11000000001789
33.300000000001944 107.17000000001792
33.32000000000194 107.24000000001796
33.340000000001936 107.30000000001799
33.36000000000193 107.37000000001802
33.38000000000193 107.43000000001805
33.400000000001924 107.50000000001809
33.42000000000192 107.56000000001812
33.440000000001916 107.63000000001816
33.46000000000191 107.69000000001819
33.48000000000191 107.75000000001822
33.500000000001904 107.82000000001825
33.5200000000019 107.88000000001828
33.540000000001896 107.95000000001832
33.56000000000189 108.01000000001835
33.58000000000189 108.08000000001839
33.600000000001884 108.14000000001842
33.62000000000188 108.20000000001845
33.640000000001876 108.27000000001848
33.66000000000187 108.33000000001852
33.68000000000187 108.40000000001855
33.700000000001864 108.46000000001858
33.72000000000186 108.53000000001862
33.74000000000186 108.59000000001865
33.76000000000185 108.66000000001868
33.78000000000185 108.72000000001871
33.800000000001845 108.78000000001875
33.82000000000184 108.85000000001878
33.84000000000184 108.91000000001881
33.86000000000183 108.98000000001885
33.88000000000183 109.04000000001888
33.900000000001825 109.11000000001891
33.92000000000182 109.17000000001894
33.94000000000182 109.23000000001898
33.96000000000181 109.30000000001901
33.98000000000181 109.36000000001904
34.000000000001805 109.43000000001908
34.0200000000018 109.49000000001911
34.0400000000018 109.56000000001914
34.06000000000179 109.62000000001917
34.08000000000179 109.69000000001921
34.100000000001785 109.75000000001924
34.12000000000178 109.81000000001927
34.14000000000178 109.88000000001931
34.16000000000177 109.94000000001934
34.18000000000177 110.01000000001937
34.200000000001765 110.0700000000194
34.22000000000176 110.14000000001944
34.24000000000176 110.20000000001947
34.26000000000175 110.2600000000195
34.28000000000175 110.33000000001954
34.300000000001745 110.39000000001957
34.32000000000174 110.4600000000196
34.34000000000174 110.52000000001964
34.36000000000173 110.59000000001967
34.38000000000173 110.6500000000197
34.400000000001725 110.72000000001974
34.42000000000172 110.78000000001977
34.44000000000172 110.8400000000198
34.46000000000171 110.91000000001983
34.48000000000171 110.97000000001987
34.500000000001705 111.0400000000199
34.5200000000017 111.10000000001993
34.5400000000017 111.17000000001997
34.56000000000169 111.23000000002
34.58000000000169 111.29000000002003
34.600000000001685 111.36000000002007
34.62000000000168 111.4200000000201
34.64000000000168 111.49000000002013
34.66000000000167 111.55000000002016
34.68000000000167 111.6200000000202
34.700000000001666 111.68000000002023
34.72000000000166 111.75000000002026
34.74000000000166 111.8100000000203
34.760000000001654 111.87000000002033
34.78000000000165 111.94000000002036
34.800000000001646 112.00000000002039
34.82000000000164 112.07000000002043
34.84000000000164 112.13000000002046
34.860000000001634 112.2000000000205
34.88000000000163 112.26000000002053
34.900000000001626 112.33000000002056
34.92000000000162 112.39000000002059
34.94000000000162 112.45000000002062
34.960000000001614 112.52000000002066
34.98000000000161 112.58000000002069
35.000000000001606 112.65000000002073
35.0200000000016 112.71000000002076
35.0400000000016 112.78000000002079
35.060000000001594 112.84000000002082
35.08000000000159 112.90000000002085
35.100000000001586 112.97000000002089
35.12000000000158 113.03000000002092
35.14000000000158 113.10000000002096
35.160000000001574 113.16000000002099
35.18000000000157 113.23000000002102
35.200000000001566 113.29000000002105
35.22000000000156 113.36000000002109
35.24000000000156 113.42000000002112
35.260000000001554 113.48000000002115
35.28000000000155 113.55000000002119
35.300000000001546 113.61000000002122
35.32000000000154 113.68000000002125
35.34000000000154 113.74000000002128
35.360000000001534 113.81000000002132
35.38000000000153 113.87000000002135
35.400000000001526 113.93000000002138
35.42000000000152 114.00000000002142
35.44000000000152 114.06000000002145
35.460000000001514 114.13000000002148
35.48000000000151 114.19000000002151
35.500000000001506 114.26000000002155
35.5200000000015 114.32000000002158
35.5400000000015 114.39000000002162
35.560000000001494 114.45000000002165
35.58000000000149 114.51000000002168
35.60000000000149 114.58000000002171
35.62000000000148 114.64000000002174
35.64000000000148 114.71000000002178
35.660000000001475 114.77000000002181
35.68000000000147 114.84000000002185
35.70000000000147 114.90000000002188
35.72000000000146 114.9600000000219
35.74000000000146 115.03000000002194
35.760000000001455 115.09000000002197
35.78000000000145 115.16000000002201
35.80000000000145 115.22000000002204
35.82000000000144 115.29000000002208
35.84000000000144 115.3500000000221
35.860000000001435 115.42000000002214
35.88000000000143 115.48000000002217
35.90000000000143 115.5400000000222
35.92000000000142 115.61000000002224
35.94000000000142 115.67000000002227
35.960000000001415 115.7400000000223
35.98000000000141 115.80000000002234
36.00000000000141 115.87000000002237
36.0200000000014 115.9300000000224
36.0400000000014 115.99000000002243
36.060000000001395 116.06000000002247
36.08000000000139 116.1200000000225
36.10000000000139 116.19000000002254
36.12000000000138 116.25000000002257
36.14000000000138 116.3200000000226
36.160000000001375 116.38000000002263
36.18000000000137 116.45000000002267
36.20000000000137 116.5100000000227
36.22000000000136 116.57000000002273
36.24000000000136 116.64000000002277
36.260000000001355 116.7000000000228
36.28000000000135 116.77000000002283
36.30000000000135 116.83000000002286
36.32000000000134 116.9000000000229
36.34000000000134 116.96000000002293
36.360000000001335 117.02000000002296
36.38000000000133 117.090000000023
36.40000000000133 117.15000000002303
36.42000000000132 117.22000000002306
36.44000000000132 117.2800000000231
36.460000000001315 117.35000000002313
36.48000000000131 117.41000000002316
36.50000000000131 117.4800000000232
36.5200000000013 117.54000000002323
36.5400000000013 117.60000000002326
36.560000000001295 117.6700000000233
36.58000000000129 117.73000000002332
36.60000000000129 117.80000000002336
36.62000000000128 117.86000000002339
36.64000000000128 117.93000000002343
36.660000000001276 117.99000000002346
36.68000000000127 118.06000000002349
36.70000000000127 118.12000000002352
36.720000000001264 118.18000000002355
36.74000000000126 118.25000000002359
36.760000000001256 118.31000000002362
36.78000000000125 118.38000000002366
36.80000000000125 118.44000000002369
36.820000000001244 118.51000000002372
36.84000000000124 118.57000000002375
36.860000000001236 118.63000000002378
36.88000000000123 118.70000000002382
36.90000000000123 118.76000000002385
36.920000000001224 118.83000000002389
36.94000000000122 118.89000000002392
36.960000000001216 118.96000000002395
36.98000000000121 119.02000000002398
37.00000000000121 119.09000000002402
37.020000000001204 119.15000000002405
37.0400000000012 119.21000000002408
37.060000000001196 119.28000000002412
37.08000000000119 119.34000000002415
37.10000000000119 119.41000000002418
37.120000000001184 119.47000000002421
37.14000000000118 119.54000000002425
37.160000000001176 119.60000000002428
37.18000000000117 119.66000000002431
37.20000000000117 119.73000000002435
37.220000000001164 119.79000000002438
37.24000000000116 119.86000000002441
37.260000000001156 119.92000000002444
37.28000000000115 119.99000000002448
37.30000000000115 120.05000000002451
37.320000000001144 120.12000000002455
37.34000000000114 120.18000000002458
37.360000000001136 120.24000000002461
37.38000000000113 120.31000000002464
37.40000000000113 120.37000000002467
37.420000000001124 120.44000000002471
37.44000000000112 120.50000000002474
37.460000000001116 120.57000000002478
37.48000000000111 120.63000000002481
37.50000000000111 120.69000000002484
37.520000000001104 120.76000000002487
37.5400000000011 120.8200000000249
37.5600000000011 120.89000000002494
37.58000000000109 120.95000000002497
37.60000000000109 121.02000000002501
37.620000000001085 121.08000000002504
37.64000000000108 121.15000000002507
37.66000000000108 121.2100000000251
37.68000000000107 121.27000000002514
37.70000000000107 121.34000000002517
37.720000000001065 121.4000000000252
37.74000000000106 121.47000000002524
37.76000000000106 121.53000000002527
37.78000000000105 121.6000000000253
37.80000000000105 121.66000000002533
37.820000000001045 121.72000000002537
37.84000000000104 121.7900000000254
37.86000000000104 121.85000000002543
37.88000000000103 121.92000000002547
37.90000000000103 121.9800000000255
37.920000000001025 122.05000000002553
37.94000000000102 122.11000000002556
37.96000000000102 122.1800000000256
37.98000000000101 122.24000000002563
38.00000000000101 122.30000000002566
38.020000000001005 122.3700000000257
38.040000000001 122.43000000002573
38.060000000001 122.50000000002576
38.08000000000099 122.5600000000258
38.10000000000099 122.63000000002583
38.120000000000985 122.69000000002586
38.14000000000098 122.75000000002589
38.16000000000098 122.82000000002593
38.18000000000097 122.88000000002596
38.20000000000097 122.950000000026
38.220000000000965 123.01000000002603
38.24000000000096 123.08000000002606
38.26000000000096 123.14000000002609
38.28000000000095 123.21000000002613
38.30000000000095 123.27000000002616
38.320000000000945 123.33000000002619
38.34000000000094 123.40000000002622
38.36000000000094 123.46000000002626
38.38000000000093 123.53000000002629
38.40000000000093 123.59000000002632
38.420000000000925 123.66000000002636
38.44000000000092 123.72000000002639
38.46000000000092 123.79000000002642
38.48000000000091 123.85000000002645
38.50000000000091 123.91000000002649
38.520000000000906 123.98000000002652
38.5400000000009 124.04000000002655
38.5600000000009 124.11000000002659
38.580000000000894 124.17000000002662
38.60000000000089 124.24000000002665
38.620000000000886 124.30000000002669
38.64000000000088 124.36000000002672
38.66000000000088 124.43000000002675
38.680000000000874 124.49000000002678
38.70000000000087 124.56000000002682
38.720000000000866 124.62000000002685
38.74000000000086 124.69000000002688
38.76000000000086 124.75000000002692
38.780000000000854 124.82000000002695
38.80000000000085 124.88000000002698
38.820000000000846 124.94000000002701
38.84000000000084 125.01000000002705
38.86000000000084 125.07000000002708
38.880000000000834 125.14000000002711
38.90000000000083 125.20000000002715
38.920000000000826 125.27000000002718
38.94000000000082 125.33000000002721
38.96000000000082 125.39000000002724
38.980000000000814 125.46000000002728
39.00000000000081 125.52000000002731
39.020000000000806 125.59000000002735
39.0400000000008 125.65000000002738
39.0600000000008 125.72000000002741
39.080000000000794 125.78000000002744
39.10000000000079 125.85000000002748
39.120000000000786 125.91000000002751
39.14000000000078 125.97000000002754
39.16000000000078 126.04000000002758
39.180000000000774 126.1000000000276
39.20000000000077 126.17000000002764
39.220000000000766 126.23000000002767
39.24000000000076 126.30000000002771
39.26000000000076 126.36000000002774
39.280000000000754 126.42000000002777
39.30000000000075 126.4900000000278
39.320000000000746 126.55000000002784
39.34000000000074 126.62000000002787
39.36000000000074 126.6800000000279
39.380000000000734 126.75000000002794
39.40000000000073 126.81000000002797
39.42000000000073 126.880000000028
39.44000000000072 126.94000000002804
39.46000000000072 127.00000000002807
39.480000000000715 127.0700000000281
39.50000000000071 127.13000000002813
39.52000000000071 127.20000000002817
39.5400000000007 127.2600000000282
39.5600000000007 127.33000000002824
39.580000000000695 127.39000000002827
39.60000000000069 127.4500000000283
39.62000000000069 127.52000000002833
39.64000000000068 127.58000000002836
39.66000000000068 127.6500000000284
39.680000000000675 127.71000000002843
39.70000000000067 127.78000000002847
39.72000000000067 127.8400000000285
39.74000000000066 127.91000000002853
39.76000000000066 127.97000000002856
39.780000000000655 128.03000000002854
39.80000000000065 128.10000000002847
39.82000000000065 128.16000000002842
39.84000000000064 128.23000000002835
39.86000000000064 128.2900000000283
39.880000000000635 128.36000000002824
39.90000000000063 128.42000000002818
39.92000000000063 128.48000000002813
39.94000000000062 128.55000000002806
39.96000000000062 128.610000000028
39.980000000000615 128.68000000002795
40.00000000000061 128.7400000000279
40.02000000000061 128.81000000002783
40.0400000000006 128.87000000002777
40.0600000000006 128.9400000000277
40.080000000000595 129.00000000002765
40.10000000000059 129.0600000000276
40.12000000000059 129.13000000002754
40.14000000000058 129.19000000002748
40.16000000000058 129.26000000002742
40.180000000000575 129.32000000002736
40.20000000000057 129.3900000000273
40.22000000000057 129.45000000002725
40.24000000000056 129.5100000000272
40.26000000000056 129.58000000002713
40.280000000000555 129.64000000002707
40.30000000000055 129.710000000027
40.32000000000055 129.77000000002695
40.34000000000054 129.8400000000269
40.36000000000054 129.90000000002684
40.380000000000535 129.97000000002677
40.40000000000053 130.03000000002672
40.42000000000053 130.09000000002666
40.44000000000052 130.1600000000266
40.46000000000052 130.22000000002654
40.480000000000516 130.29000000002648
40.50000000000051 130.35000000002643
40.52000000000051 130.42000000002636
40.540000000000504 130.4800000000263
40.5600000000005 130.55000000002624
40.580000000000496 130.6100000000262
40.60000000000049 130.67000000002614
40.62000000000049 130.74000000002607
40.640000000000484 130.80000000002602
40.66000000000048 130.87000000002595
40.680000000000476 130.9300000000259
40.70000000000047 131.00000000002584
40.72000000000047 131.06000000002578
40.740000000000464 131.12000000002573
40.76000000000046 131.19000000002566
40.780000000000456 131.2500000000256
40.80000000000045 131.32000000002554
40.82000000000045 131.3800000000255
40.840000000000444 131.45000000002543
40.86000000000044 131.51000000002537
40.880000000000436 131.5800000000253
40.90000000000043 131.64000000002525
40.92000000000043 131.7000000000252
40.940000000000424 131.77000000002514
40.96000000000042 131.83000000002508
40.980000000000416 131.90000000002502
41.00000000000041 131.96000000002496
41.02000000000041 132.0300000000249
41.040000000000404 132.09000000002484
41.0600000000004 132.1500000000248
41.080000000000396 132.22000000002473
41.10000000000039 132.28000000002467
41.12000000000039 132.3500000000246
41.140000000000384 132.41000000002455
41.16000000000038 132.4800000000245
41.180000000000376 132.54000000002443
41.20000000000037 132.61000000002437
41.22000000000037 132.67000000002432
41.240000000000364 132.73000000002426
41.26000000000036 132.8000000000242
41.280000000000356 132.86000000002414
41.30000000000035 132.93000000002408
41.32000000000035 132.99000000002403
41.340000000000344 133.06000000002396
41.36000000000034 133.1200000000239
41.38000000000034 133.18000000002385
41.40000000000033 133.2500000000238
41.42000000000033 133.31000000002373
41.440000000000325 133.38000000002367
41.46000000000032 133.44000000002362
41.48000000000032 133.51000000002355
41.50000000000031 133.5700000000235
41.52000000000031 133.64000000002343
41.540000000000305 133.70000000002338
41.5600000000003 133.76000000002333
41.5800000000003 133.83000000002326
41.60000000000029 133.8900000000232
41.62000000000029 133.96000000002314
41.640000000000285 134.0200000000231
41.66000000000028 134.09000000002302
41.68000000000028 134.15000000002297
41.70000000000027 134.21000000002292
41.72000000000027 134.28000000002285
41.740000000000265 134.3400000000228
41.76000000000026 134.41000000002273
41.78000000000026 134.47000000002268
41.80000000000025 134.54000000002262
41.82000000000025 134.60000000002256
41.840000000000245 134.6700000000225
41.86000000000024 134.73000000002244
41.88000000000024 134.7900000000224
41.90000000000023 134.86000000002232
41.92000000000023 134.92000000002227
41.940000000000225 134.9900000000222
41.96000000000022 135.05000000002215
41.98000000000022 135.1200000000221
42.00000000000021 135.18000000002203
42.02000000000021 135.24000000002198
42.040000000000205 135.31000000002192
42.0600000000002 135.37000000002186
42.0800000000002 135.4400000000218
42.10000000000019 135.50000000002174
42.12000000000019 135.57000000002168
42.140000000000185 135.63000000002162
42.16000000000018 135.70000000002156
42.18000000000018 135.7600000000215
42.20000000000017 135.82000000002145
42.22000000000017 135.8900000000214
42.240000000000165 135.95000000002133
42.26000000000016 136.02000000002127
42.28000000000016 136.08000000002122
42.30000000000015 136.15000000002115
42.32000000000015 136.2100000000211
42.340000000000146 136.28000000002103
42.36000000000014 136.34000000002098
42.38000000000014 136.40000000002092
42.400000000000134 136.47000000002086
42.42000000000013 136.5300000000208
42.440000000000126 136.60000000002074
42.46000000000012 136.6600000000207
42.48000000000012 136.73000000002062
42.500000000000114 136.79000000002057
42.52000000000011 136.85000000002051
42.540000000000106 136.92000000002045
42.5600000000001 136.9800000000204
42.5800000000001 137.05000000002033
42.600000000000094 137.11000000002028
42.62000000000009 137.18000000002021
42.640000000000086 137.24000000002016
42.66000000000008 137.3100000000201
42.68000000000008 137.37000000002004
42.700000000000074 137.43000000002
42.72000000000007 137.50000000001992
42.740000000000066 137.56000000001987
42.76000000000006 137.6300000000198
42.78000000000006 137.69000000001975
42.800000000000054 137.7600000000197
42.82000000000005 137.82000000001963
42.840000000000046 137.88000000001958
42.86000000000004 137.95000000001951
42.88000000000004 138.01000000001946
42.900000000000034 138.0800000000194
42.92000000000003 138.14000000001934
42.940000000000026 138.21000000001928
42.96000000000002 138.27000000001922
42.98000000000002 138.34000000001916
43.000000000000014 138.4000000000191
43.02000000000001 138.46000000001905
43.040000000000006 138.530000000019
43.06 138.59000000001893
43.08 138.66000000001887
43.099999999999994 138.7200000000188
43.11999999999999 138.79000000001875
43.139999999999986 138.8500000000187
43.15999999999998 138.91000000001864
43.17999999999998 138.98000000001858
43.199999999999974 139.04000000001852
43.21999999999997 139.11000000001846
43.23999999999997 139.1700000000184
43.25999999999996 139.24000000001834
43.27999999999996 139.3000000000183
43.299999999999955 139.37000000001822
43.31999999999995 139.43000000001817
43.33999999999995 139.4900000000181
43.35999999999994 139.56000000001805
43.37999999999994 139.620000000018
43.399999999999935 139.69000000001793
43.41999999999993 139.75000000001788
43.43999999999993 139.8200000000178
43.45999999999992 139.88000000001776
43.47999999999992 139.9400000000177
43.499999999999915 140.01000000001764
43.51999999999991 140.0700000000176
43.53999999999991 140.14000000001752
43.5599999999999 140.20000000001747
43.5799999999999 140.2700000000174
43.599999999999895 140.33000000001735
43.61999999999989 140.4000000000173
43.63999999999989 140.46000000001723
43.65999999999988 140.52000000001718
43.67999999999988 140.5900000000171
43.699999999999875 140.65000000001706
43.71999999999987 140.720000000017
43.73999999999987 140.78000000001694
43.75999999999986 140.85000000001688
43.77999999999986 140.91000000001682
43.799999999999855 140.97000000001677
43.81999999999985 141.0400000000167
43.83999999999985 141.10000000001665
43.85999999999984 141.17000000001659
43.87999999999984 141.23000000001653
43.899999999999835 141.30000000001647
43.91999999999983 141.3600000000164
43.93999999999983 141.43000000001635
43.95999999999982 141.4900000000163
43.97999999999982 141.55000000001624
43.999999999999815 141.62000000001618
44.01999999999981 141.68000000001612
44.03999999999981 141.75000000001606
44.0599999999998 141.810000000016
44.0799999999998 141.88000000001594
44.099999999999795 141.94000000001589
44.11999999999979 142.00000000001583
44.13999999999979 142.07000000001577
44.15999999999978 142.1300000000157
44.17999999999978 142.20000000001565
44.199999999999775 142.2600000000156
44.21999999999977 142.33000000001553
44.23999999999977 142.39000000001548
44.25999999999976 142.4600000000154
44.27999999999976 142.52000000001536
44.299999999999756 142.5800000000153
44.31999999999975 142.65000000001524
44.33999999999975 142.71000000001519
44.359999999999744 142.78000000001512
44.37999999999974 142.84000000001507
44.399999999999736 142.910000000015
44.41999999999973 142.97000000001495
44.43999999999973 143.0300000000149
44.459999999999724 143.10000000001483
44.47999999999972 143.16000000001478
44.499999999999716 143.2300000000147
44.51999999999971 143.29000000001466
44.53999999999971 143.3600000000146
44.559999999999704 143.42000000001454
44.5799999999997 143.49000000001448
44.599999999999696 143.55000000001442
44.61999999999969 143.61000000001437
44.63999999999969 143.6800000000143
44.659999999999684 143.74000000001425
44.67999999999968 143.81000000001418
44.699999999999676 143.87000000001413
44.71999999999967 143.94000000001407
44.73999999999967 144.000000000014
44.759999999999664 144.07000000001395
44.77999999999966 144.1300000000139
44.799999999999656 144.19000000001384
44.81999999999965 144.26000000001378
44.83999999999965 144.32000000001372
44.859999999999644 144.39000000001366
44.87999999999964 144.4500000000136
44.899999999999636 144.52000000001354
44.91999999999963 144.58000000001348
44.93999999999963 144.64000000001343
44.959999999999624 144.71000000001337
44.97999999999962 144.7700000000133
44.999999999999616 144.84000000001325
45.01999999999961 144.9000000000132
45.03999999999961 144.97000000001313
45.059999999999604 145.03000000001308
45.0799999999996 145.100000000013
45.099999999999596 145.16000000001296
45.11999999999959 145.2200000000129
45.13999999999959 145.29000000001284
45.159999999999584 145.35000000001278
45.17999999999958 145.42000000001272
45.19999999999958 145.48000000001267
45.21999999999957 145.5500000000126
45.23999999999957 145.61000000001255
45.259999999999565 145.6700000000125
45.27999999999956 145.74000000001243
45.29999999999956 145.80000000001237
45.31999999999955 145.8700000000123
45.33999999999955 145.93000000001226
45.359999999999545 146.0000000000122
45.37999999999954 146.06000000001214
45.39999999999954 146.13000000001207
45.41999999999953 146.19000000001202
45.43999999999953 146.25000000001197
45.459999999999525 146.3200000000119
45.47999999999952 146.38000000001185
45.49999999999952 146.45000000001178
45.51999999999951 146.51000000001173
45.53999999999951 146.58000000001167
45.559999999999505 146.6400000000116
45.5799999999995 146.70000000001156
45.5999999999995 146.7700000000115
45.61999999999949 146.83000000001144
45.63999999999949 146.90000000001137
45.659999999999485 146.96000000001132
45.67999999999948 147.03000000001126
45.69999999999948 147.0900000000112
45.71999999999947 147.16000000001114
45.73999999999947 147.22000000001108
45.759999999999465 147.28000000001103
45.77999999999946 147.35000000001097
45.79999999999946 147.4100000000109
45.81999999999945 147.48000000001085
45.83999999999945 147.5400000000108
45.859999999999445 147.61000000001073
45.87999999999944 147.67000000001067
45.89999999999944 147.73000000001062
45.91999999999943 147.80000000001056
45.93999999999943 147.8600000000105
45.959999999999425 147.93000000001044
45.97999999999942 147.99000000001038
45.99999999999942 148.06000000001032
46.01999999999941 148.12000000001026
46.03999999999941 148.1900000000102
46.059999999999405 148.25000000001015
46.0799999999994 148.3100000000101
46.0999999999994 148.38000000001003
46.11999999999939 148.44000000000997
46.13999999999939 148.5100000000099
46.159999999999386 148.57000000000986
46.17999999999938 148.6400000000098
46.19999999999938 148.70000000000974
46.219999999999374 148.76000000000968
46.23999999999937 148.83000000000962
46.259999999999366 148.89000000000956
46.27999999999936 148.9600000000095
46.29999999999936 149.02000000000945
46.319999999999354 149.09000000000938
46.33999999999935 149.15000000000933
46.359999999999346 149.22000000000926
46.37999999999934 149.2800000000092
46.39999999999934 149.34000000000916
46.419999999999334 149.4100000000091
46.43999999999933 149.47000000000904
46.459999999999326 149.54000000000897
46.47999999999932 149.60000000000892
46.49999999999932 149.67000000000886
46.519999999999314 149.7300000000088
46.53999999999931 149.79000000000875
46.559999999999306 149.86000000000868
46.5799999999993 149.92000000000863
46.5999999999993 149.99000000000856
46.619999999999294 150.0500000000085
46.63999999999929 150.12000000000845
46.659999999999286 150.1800000000084
46.67999999999928 150.25000000000833
46.69999999999928 150.31000000000827
46.719999999999274 150.37000000000822
46.73999999999927 150.44000000000815
46.759999999999266 150.5000000000081
46.77999999999926 150.57000000000804
46.79999999999926 150.63000000000798
46.819999999999254 150.70000000000792
46.83999999999925 150.76000000000786
46.859999999999246 150.8300000000078
46.87999999999924 150.89000000000775
46.89999999999924 150.9500000000077
46.919999999999234 151.02000000000763
46.93999999999923 151.08000000000757
46.959999999999226 151.1500000000075
46.97999999999922 151.21000000000745
46.99999999999922 151.2800000000074
47.019999999999214 151.34000000000734
47.03999999999921 151.40000000000728
47.05999999999921 151.47000000000722
47.0799999999992 151.53000000000716
47.0999999999992 151.6000000000071
47.119999999999195 151.66000000000705
47.13999999999919 151.73000000000698
47.15999999999919 151.79000000000693
47.17999999999918 151.86000000000686
47.19999999999918 151.9200000000068
47.219999999999175 151.98000000000675
47.23999999999917 152.0500000000067
47.25999999999917 152.11000000000664
47.27999999999916 152.18000000000657
47.29999999999916 152.24000000000652
47.319999999999155 152.31000000000645
47.33999999999915 152.3700000000064
47.35999999999915 152.43000000000634
47.37999999999914 152.50000000000628
47.39999999999914 152.56000000000623
47.419999999999135 152.63000000000616
47.43999999999913 152.6900000000061
47.45999999999913 152.76000000000604
47.47999999999912 152.820000000006
47.49999999999912 152.89000000000593
47.519999999999115 152.95000000000587
47.53999999999911 153.01000000000582
47.55999999999911 153.08000000000575
47.5799999999991 153.1400000000057
47.5999999999991 153.21000000000564
47.619999999999095 153.27000000000558
47.63999999999909 153.34000000000552
47.65999999999909 153.40000000000546
47.67999999999908 153.4600000000054
47.69999999999908 153.53000000000534
47.719999999999075 153.5900000000053
47.73999999999907 153.66000000000523
47.75999999999907 153.72000000000517
47.77999999999906 153.7900000000051
47.79999999999906 153.85000000000505
47.819999999999055 153.920000000005
47.83999999999905 153.98000000000494
47.85999999999905 154.04000000000488
47.87999999999904 154.11000000000482
47.89999999999904 154.17000000000476
47.919999999999035 154.2400000000047
47.93999999999903 154.30000000000464
47.95999999999903 154.37000000000458
47.97999999999902 154.43000000000453
47.99999999999902 154.49000000000447
48.019999999999015 154.5600000000044
48.03999999999901 154.62000000000435
48.05999999999901 154.6900000000043
48.079999999999 154.75000000000423
48.099999999999 154.82000000000417
48.119999999998996 154.88000000000412
48.13999999999899 154.95000000000405
48.15999999999899 155.010000000004
48.179999999998984 155.07000000000394
48.19999999999898 155.14000000000388
48.219999999998976 155.20000000000383
48.23999999999897 155.27000000000376
48.25999999999897 155.3300000000037
48.279999999998964 155.40000000000364
48.29999999999896 155.4600000000036
48.319999999998956 155.52000000000353
48.33999999999895 155.59000000000347
48.35999999999895 155.65000000000342
48.379999999998944 155.72000000000335
48.39999999999894 155.7800000000033
48.419999999998936 155.85000000000323
48.43999999999893 155.91000000000318
48.45999999999893 155.98000000000312
48.479999999998924 156.04000000000306
48.49999999999892 156.100000000003
48.519999999998916 156.17000000000294
48.53999999999891 156.2300000000029
48.55999999999891 156.30000000000283
48.579999999998904 156.36000000000277
48.5999999999989 156.4300000000027
48.619999999998896 156.49000000000265
48.63999999999889 156.5500000000026
48.65999999999889 156.62000000000253
48.679999999998884 156.68000000000248
48.69999999999888 156.75000000000242
48.719999999998876 156.81000000000236
48.73999999999887 156.8800000000023
48.75999999999887 156.94000000000224
48.779999999998864 157.01000000000218
48.79999999999886 157.07000000000212
48.819999999998856 157.13000000000207
48.83999999999885 157.200000000002
48.85999999999885 157.26000000000195
48.879999999998844 157.3300000000019
48.89999999999884 157.39000000000183
48.919999999998836 157.46000000000177
48.93999999999883 157.52000000000172
48.95999999999883 157.58000000000166
48.979999999998824 157.6500000000016
48.99999999999882 157.71000000000154
49.01999999999882 157.78000000000148
49.03999999999881 157.84000000000142
49.05999999999881 157.91000000000136
49.079999999998805 157.9700000000013
49.0999999999988 158.04000000000124
49.1199999999988 158.1000000000012
49.13999999999879 158.16000000000113
49.15999999999879 158.23000000000107
49.179999999998785 158.29000000000102
49.19999999999878 158.36000000000095
49.21999999999878 158.4200000000009
49.23999999999877 158.49000000000083
49.25999999999877 158.55000000000078
49.279999999998765 158.62000000000072
49.29999999999876 158.68000000000066
49.31999999999876 158.7400000000006
49.33999999999875 158.81000000000054
49.35999999999875 158.8700000000005
49.379999999998745 158.94000000000042
49.39999999999874 159.00000000000037
49.41999999999874 159.0700000000003
49.43999999999873 159.13000000000025
49.45999999999873 159.1900000000002
49.479999999998725 159.26000000000013
49.49999999999872 159.32000000000008
49.51999999999872 159.39000000000001
49.53999999999871 159.44999999999996
49.55999999999871 159.5199999999999
49.579999999998705 159.57999999999984
49.5999999999987 159.64999999999978
49.6199999999987 159.70999999999972
49.63999999999869 159.76999999999967
49.65999999999869 159.8399999999996
49.679999999998685 159.89999999999955
49.69999999999868 159.9699999999995
49.71999999999868 160.02999999999943
49.73999999999867 160.09999999999937
49.75999999999867 160.15999999999931
49.779999999998665 160.21999999999926
49.79999999999866 160.2899999999992
49.81999999999866 160.34999999999914
49.83999999999865 160.41999999999908
49.85999999999865 160.47999999999902
49.879999999998645 160.54999999999896
49.89999999999864 160.6099999999989
49.91999999999864 160.67999999999884
49.93999999999863 160.7399999999988
49.95999999999863 160.79999999999873
49.979999999998626 160.86999999999867
49.99999999999862 160.9299999999986
