0.02 195.00000000018645
0.04 97.64000000023185
0.060000000000000005 63.46000000021475
0.08 47.790000000217866
0.09999999999999999 38.390000000219736
0.11999999999999998 32.13000000022098
0.13999999999999999 26.220000000220104
0.16 23.110000000219618
0.18000000000000002 20.11000000021915
0.20000000000000004 19.61000000021907
0.22000000000000006 16.970000000218658
0.24000000000000007 16.430000000218573
0.26000000000000006 14.050000000218548
0.2800000000000001 13.820000000218553
0.3000000000000001 11.240000000218608
0.3200000000000001 11.170000000218609
0.34000000000000014 11.070000000218611
0.36000000000000015 10.880000000218615
0.38000000000000017 10.490000000218624
0.4000000000000002 8.410000000218668
0.4200000000000002 8.400000000218668
0.4400000000000002 8.370000000218669
0.46000000000000024 8.32000000021867
0.48000000000000026 8.230000000218672
0.5000000000000002 8.080000000218675
0.5200000000000002 7.800000000218681
0.5400000000000003 5.790000000218724
0.5600000000000003 5.810000000218723
0.5800000000000003 5.830000000218723
0.6 5.949999999999591
0.62 5.97999999999959
0.64 6.0099999999995894
0.66 6.019999999999589
0.68 6.0099999999995894
0.7000000000000001 5.97999999999959
0.7200000000000001 5.929999999999591
0.7400000000000001 5.829999999999593
0.7600000000000001 5.639999999999597
0.7800000000000001 3.6099999999996406
0.8000000000000002 3.7599999999996374
0.8200000000000002 3.919999999999634
0.8400000000000002 4.09999999999963
0.8600000000000002 4.289999999999626
0.8800000000000002 4.489999999999622
0.9000000000000002 4.699999999999617
0.9200000000000003 4.9299999999996125
0.9400000000000003 5.149999999999608
0.9600000000000003 5.379999999999603
0.9800000000000003 5.609999999999598
1.0 5.82999999999992
1.02 6.0499999999999154
1.04 6.2799999999999105
1.06 6.489999999999906
1.08 6.709999999999901
1.1 6.919999999999897
1.12 7.119999999999893
1.1400000000000001 7.329999999999888
1.1600000000000001 7.529999999999884
1.1800000000000002 7.71999999999988
1.2000000000000002 7.919999999999876
1.2200000000000002 8.109999999999872
1.2400000000000002 8.299999999999867
1.2600000000000002 8.489999999999863
1.2800000000000002 8.67999999999986
1.3000000000000003 8.859999999999856
1.3200000000000003 9.039999999999852
1.3400000000000003 9.229999999999848
1.3600000000000003 9.409999999999844
1.3800000000000003 9.58999999999984
1.4000000000000004 9.769999999999836
1.4200000000000004 9.949999999999832
1.4400000000000004 10.119999999999829
1.4600000000000004 10.299999999999825
1.4800000000000004 10.469999999999821
1.5000000000000004 10.649999999999817
1.5200000000000005 10.819999999999814
1.5400000000000005 10.99999999999981
1.5600000000000005 11.169999999999806
1.5800000000000005 11.339999999999803
1.6000000000000005 11.509999999999799
1.6200000000000006 11.689999999999795
1.6400000000000006 11.859999999999792
1.6600000000000006 12.029999999999788
1.6800000000000006 12.199999999999784
1.7000000000000006 12.36999999999978
1.7200000000000006 12.539999999999777
1.7400000000000007 12.709999999999773
1.7600000000000007 12.86999999999977
1.7800000000000007 13.039999999999766
1.8000000000000007 13.209999999999763
1.8200000000000007 13.37999999999976
1.8400000000000007 13.539999999999756
1.8600000000000008 13.709999999999752
1.8800000000000008 13.879999999999749
1.9000000000000008 14.039999999999745
1.9200000000000008 14.209999999999742
1.9400000000000008 14.379999999999738
1.9600000000000009 14.539999999999734
1.9800000000000009 14.70999999999973
2.000000000000001 14.869999999999727
2.0200000000000005 15.039999999999724
2.04 15.19999999999972
2.0599999999999996 15.369999999999717
2.079999999999999 15.529999999999713
2.0999999999999988 15.69999999999971
2.1199999999999983 15.859999999999706
2.139999999999998 16.019999999999705
2.1599999999999975 16.18999999999973
2.179999999999997 16.349999999999756
2.1999999999999966 16.519999999999783
2.219999999999996 16.679999999999808
2.2399999999999958 16.839999999999833
2.2599999999999953 16.999999999999858
2.279999999999995 17.169999999999884
2.2999999999999945 17.32999999999991
2.319999999999994 17.489999999999934
2.3399999999999936 17.65999999999996
2.359999999999993 17.819999999999986
2.379999999999993 17.98000000000001
2.3999999999999924 18.140000000000036
2.419999999999992 18.30000000000006
2.4399999999999915 18.470000000000088
2.459999999999991 18.630000000000113
2.4799999999999907 18.790000000000138
2.4999999999999902 18.950000000000163
2.51999999999999 19.110000000000188
2.5399999999999894 19.280000000000214
2.559999999999989 19.44000000000024
2.5799999999999885 19.600000000000264
2.599999999999988 19.76000000000029
2.6199999999999877 19.920000000000314
2.6399999999999872 20.08000000000034
2.659999999999987 20.240000000000364
2.6799999999999864 20.40000000000039
2.699999999999986 20.560000000000414
2.7199999999999855 20.73000000000044
2.739999999999985 20.890000000000466
2.7599999999999847 21.05000000000049
2.7799999999999843 21.210000000000516
2.799999999999984 21.37000000000054
2.8199999999999834 21.530000000000566
2.839999999999983 21.69000000000059
2.8599999999999826 21.850000000000616
2.879999999999982 22.01000000000064
2.8999999999999817 22.170000000000666
2.9199999999999813 22.33000000000069
2.939999999999981 22.490000000000716
2.9599999999999804 22.65000000000074
2.97999999999998 22.810000000000766
2.9999999999999796 22.97000000000079
3.019999999999979 23.130000000000816
3.0399999999999787 23.29000000000084
3.0599999999999783 23.450000000000866
3.079999999999978 23.61000000000089
3.0999999999999774 23.770000000000916
3.119999999999977 23.93000000000094
3.1399999999999766 24.090000000000966
3.159999999999976 24.25000000000099
3.1799999999999757 24.410000000001016
3.1999999999999753 24.57000000000104
3.219999999999975 24.730000000001066
3.2399999999999745 24.89000000000109
3.259999999999974 25.050000000001116
3.2799999999999736 25.21000000000114
3.299999999999973 25.360000000001165
3.3199999999999728 25.52000000000119
3.3399999999999723 25.680000000001215
3.359999999999972 25.84000000000124
3.3799999999999715 26.000000000001265
3.399999999999971 26.16000000000129
3.4199999999999706 26.320000000001315
3.43999999999997 26.48000000000134
3.4599999999999698 26.640000000001365
3.4799999999999693 26.80000000000139
3.499999999999969 26.960000000001415
3.5199999999999685 27.11000000000144
3.539999999999968 27.270000000001463
3.5599999999999676 27.43000000000149
3.579999999999967 27.590000000001513
3.599999999999967 27.75000000000154
3.6199999999999664 27.910000000001563
3.639999999999966 28.07000000000159
3.6599999999999655 28.230000000001613
3.679999999999965 28.39000000000164
3.6999999999999647 28.540000000001662
3.7199999999999642 28.700000000001687
3.739999999999964 28.860000000001712
3.7599999999999634 29.020000000001737
3.779999999999963 29.180000000001762
3.7999999999999625 29.340000000001787
3.819999999999962 29.500000000001812
3.8399999999999617 29.650000000001835
3.8599999999999612 29.81000000000186
3.879999999999961 29.970000000001885
3.8999999999999604 30.13000000000191
3.91999999999996 30.290000000001935
3.9399999999999595 30.45000000000196
3.959999999999959 30.610000000001985
3.9799999999999587 30.76000000000201
3.9999999999999583 30.920000000002034
4.019999999999958 31.08000000000206
4.039999999999957 31.240000000002084
4.059999999999957 31.40000000000211
4.0799999999999566 31.560000000002134
4.099999999999956 31.710000000002157
4.119999999999956 31.870000000002182
4.139999999999955 32.0300000000022
4.159999999999955 32.190000000002165
4.179999999999954 32.35000000000213
4.199999999999954 32.5100000000021
4.219999999999954 32.66000000000207
4.239999999999953 32.82000000000204
4.259999999999953 32.98000000000201
4.279999999999952 33.140000000001976
4.299999999999952 33.300000000001944
4.319999999999951 33.450000000001914
4.339999999999951 33.61000000000188
4.359999999999951 33.77000000000185
4.37999999999995 33.93000000000182
4.39999999999995 34.09000000000179
4.419999999999949 34.24000000000176
4.439999999999949 34.400000000001725
4.4599999999999485 34.56000000000169
4.479999999999948 34.72000000000166
4.499999999999948 34.88000000000163
4.519999999999947 35.0300000000016
4.539999999999947 35.19000000000157
4.559999999999946 35.350000000001536
4.579999999999946 35.510000000001504
4.5999999999999455 35.67000000000147
4.619999999999945 35.82000000000144
4.639999999999945 35.98000000000141
4.659999999999944 36.14000000000138
4.679999999999944 36.30000000000135
4.699999999999943 36.460000000001315
4.719999999999943 36.610000000001286
4.7399999999999425 36.770000000001254
4.759999999999942 36.93000000000122
4.779999999999942 37.09000000000119
4.799999999999941 37.24000000000116
4.819999999999941 37.40000000000113
4.83999999999994 37.5600000000011
4.85999999999994 37.720000000001065
4.8799999999999395 37.88000000000103
4.899999999999939 38.030000000001
4.919999999999939 38.19000000000097
4.939999999999938 38.35000000000094
4.959999999999938 38.51000000000091
4.979999999999937 38.66000000000088
4.999999999999937 38.820000000000846
5.0199999999999365 38.980000000000814
5.039999999999936 39.14000000000078
5.059999999999936 39.29000000000075
5.079999999999935 39.45000000000072
5.099999999999935 39.61000000000069
5.119999999999934 39.77000000000066
5.139999999999934 39.930000000000625
5.1599999999999335 40.080000000000595
5.179999999999933 40.24000000000056
5.199999999999933 40.40000000000053
5.219999999999932 40.5600000000005
5.239999999999932 40.71000000000047
5.259999999999931 40.87000000000044
5.279999999999931 41.030000000000406
5.2999999999999305 41.190000000000374
5.31999999999993 41.340000000000344
5.33999999999993 41.50000000000031
5.359999999999929 41.66000000000028
5.379999999999929 41.82000000000025
5.399999999999928 41.97000000000022
5.419999999999928 42.13000000000019
5.439999999999928 42.290000000000155
5.459999999999927 42.450000000000124
5.479999999999927 42.600000000000094
5.499999999999926 42.76000000000006
5.519999999999926 42.92000000000003
5.539999999999925 43.08
5.559999999999925 43.22999999999997
5.579999999999925 43.38999999999994
5.599999999999924 43.549999999999905
5.619999999999924 43.70999999999987
5.639999999999923 43.85999999999984
5.659999999999923 44.01999999999981
5.6799999999999224 44.17999999999978
5.699999999999922 44.32999999999975
5.719999999999922 44.48999999999972
5.739999999999921 44.649999999999686
5.759999999999921 44.809999999999654
5.77999999999992 44.959999999999624
5.79999999999992 45.11999999999959
5.8199999999999195 45.27999999999956
5.839999999999919 45.43999999999953
5.859999999999919 45.5899999999995
5.879999999999918 45.74999999999947
5.899999999999918 45.909999999999435
5.919999999999917 46.0699999999994
5.939999999999917 46.219999999999374
5.9599999999999165 46.37999999999934
5.979999999999916 46.53999999999931
5.999999999999916 46.69999999999928
6.019999999999915 46.84999999999925
6.039999999999915 47.009999999999216
6.059999999999914 47.169999999999185
6.079999999999914 47.319999999999155
6.0999999999999135 47.47999999999912
6.119999999999913 47.63999999999909
6.139999999999913 47.79999999999906
6.159999999999912 47.94999999999903
6.179999999999912 48.109999999999
6.199999999999911 48.269999999998966
6.219999999999911 48.429999999998934
6.2399999999999105 48.579999999998904
6.25999999999991 48.73999999999887
6.27999999999991 48.89999999999884
6.299999999999909 49.04999999999881
6.319999999999909 49.20999999999878
6.339999999999908 49.36999999999875
6.359999999999908 49.529999999998715
6.3799999999999075 49.679999999998685
6.399999999999907 49.83999999999865
6.419999999999907 49.99999999999862
6.439999999999906 50.14999999999859
6.459999999999906 50.30999999999856
6.479999999999905 50.46999999999853
6.499999999999905 50.629999999998496
6.5199999999999045 50.779999999998466
6.539999999999904 50.939999999998435
6.559999999999904 51.0999999999984
6.579999999999903 51.24999999999837
6.599999999999903 51.40999999999834
6.619999999999902 51.56999999999831
6.639999999999902 51.72999999999828
6.6599999999999016 51.87999999999825
6.679999999999901 52.039999999998216
6.699999999999901 52.199999999998184
6.7199999999999 52.349999999998154
6.7399999999999 52.50999999999812
6.759999999999899 52.66999999999809
6.779999999999899 52.82999999999806
6.799999999999899 52.97999999999803
6.819999999999898 53.139999999998
6.839999999999898 53.299999999997965
6.859999999999897 53.449999999997935
6.879999999999897 53.6099999999979
6.899999999999896 53.76999999999787
6.919999999999896 53.92999999999784
6.939999999999896 54.07999999999781
6.959999999999895 54.23999999999778
6.979999999999895 54.399999999997746
6.999999999999894 54.549999999997716
7.019999999999894 54.709999999997684
7.0399999999998935 54.86999999999765
7.059999999999893 55.02999999999762
7.079999999999893 55.17999999999759
7.099999999999892 55.33999999999756
7.119999999999892 55.49999999999753
7.139999999999891 55.6499999999975
7.159999999999891 55.809999999997466
7.1799999999998905 55.969999999997434
7.19999999999989 56.1299999999974
7.21999999999989 56.27999999999737
7.239999999999889 56.43999999999734
7.259999999999889 56.59999999999731
7.279999999999888 56.74999999999728
7.299999999999888 56.90999999999725
7.3199999999998875 57.069999999997215
7.339999999999887 57.219999999997185
7.359999999999887 57.37999999999715
7.379999999999886 57.53999999999712
7.399999999999886 57.69999999999709
7.419999999999885 57.84999999999706
7.439999999999885 58.00999999999703
7.4599999999998845 58.169999999996996
7.479999999999884 58.319999999996966
7.499999999999884 58.479999999996934
7.519999999999883 58.6399999999969
7.539999999999883 58.78999999999687
7.559999999999882 58.94999999999684
7.579999999999882 59.10999999999681
7.5999999999998815 59.26999999999678
7.619999999999881 59.41999999999675
7.639999999999881 59.579999999996716
7.65999999999988 59.739999999996684
7.67999999999988 59.889999999996654
7.699999999999879 60.04999999999662
7.719999999999879 60.20999999999659
7.7399999999998785 60.35999999999656
7.759999999999878 60.51999999999653
7.779999999999878 60.6799999999965
7.799999999999877 60.839999999996465
7.819999999999877 60.989999999996435
7.839999999999876 61.1499999999964
7.859999999999876 61.30999999999637
7.8799999999998755 61.45999999999634
7.899999999999875 61.61999999999631
7.919999999999875 61.77999999999628
7.939999999999874 61.92999999999625
7.959999999999874 62.089999999996216
7.979999999999873 62.249999999996184
7.999999999999873 62.399999999996155
8.019999999999873 62.55999999999612
8.039999999999873 62.71999999999609
8.059999999999873 62.87999999999606
8.079999999999872 63.02999999999603
8.099999999999872 63.189999999996
8.119999999999871 63.349999999995966
8.139999999999871 63.499999999995936
8.15999999999987 63.659999999995904
8.17999999999987 63.81999999999587
8.19999999999987 63.96999999999584
8.21999999999987 64.1299999999959
8.239999999999869 64.28999999999598
8.259999999999868 64.43999999999606
8.279999999999868 64.59999999999614
8.299999999999867 64.75999999999623
8.319999999999867 64.9199999999963
8.339999999999867 65.06999999999638
8.359999999999866 65.22999999999647
8.379999999999866 65.38999999999655
8.399999999999865 65.53999999999662
8.419999999999865 65.6999999999967
8.439999999999864 65.85999999999679
8.459999999999864 66.00999999999686
8.479999999999864 66.16999999999695
8.499999999999863 66.32999999999703
8.519999999999863 66.4799999999971
8.539999999999862 66.63999999999719
8.559999999999862 66.79999999999727
8.579999999999862 66.95999999999735
8.599999999999861 67.10999999999743
8.61999999999986 67.26999999999751
8.63999999999986 67.42999999999759
8.65999999999986 67.57999999999767
8.67999999999986 67.73999999999775
8.699999999999859 67.89999999999783
8.719999999999859 68.04999999999791
8.739999999999858 68.20999999999799
8.759999999999858 68.36999999999807
8.779999999999857 68.51999999999815
8.799999999999857 68.67999999999823
8.819999999999856 68.83999999999831
8.839999999999856 68.98999999999839
8.859999999999856 69.14999999999847
8.879999999999855 69.30999999999855
8.899999999999855 69.45999999999863
8.919999999999854 69.61999999999871
8.939999999999854 69.7799999999988
8.959999999999853 69.93999999999888
8.979999999999853 70.08999999999895
8.999999999999853 70.24999999999903
9.019999999999852 70.40999999999912
9.039999999999852 70.55999999999919
9.059999999999851 70.71999999999927
9.07999999999985 70.87999999999936
9.09999999999985 71.02999999999943
9.11999999999985 71.18999999999951
9.13999999999985 71.3499999999996
9.15999999999985 71.49999999999967
9.179999999999849 71.65999999999976
9.199999999999848 71.81999999999984
9.219999999999848 71.96999999999991
9.239999999999847 72.13
9.259999999999847 72.29000000000008
9.279999999999847 72.44000000000015
9.299999999999846 72.60000000000024
9.319999999999846 72.76000000000032
9.339999999999845 72.9200000000004
9.359999999999845 73.07000000000048
9.379999999999844 73.23000000000056
9.399999999999844 73.39000000000064
9.419999999999844 73.54000000000072
9.439999999999843 73.7000000000008
9.459999999999843 73.86000000000088
9.479999999999842 74.01000000000096
9.499999999999842 74.17000000000104
9.519999999999841 74.33000000000112
9.539999999999841 74.4800000000012
9.55999999999984 74.64000000000128
9.57999999999984 74.80000000000136
9.59999999999984 74.95000000000144
9.61999999999984 75.11000000000152
9.639999999999839 75.2700000000016
9.659999999999838 75.42000000000168
9.679999999999838 75.58000000000176
9.699999999999838 75.74000000000184
9.719999999999837 75.89000000000192
9.739999999999837 76.050000000002
9.759999999999836 76.21000000000208
9.779999999999836 76.36000000000216
9.799999999999836 76.52000000000224
9.819999999999835 76.68000000000232
9.839999999999835 76.8400000000024
9.859999999999834 76.99000000000248
9.879999999999834 77.15000000000256
9.899999999999833 77.31000000000265
9.919999999999833 77.46000000000272
9.939999999999833 77.6200000000028
9.959999999999832 77.78000000000289
9.979999999999832 77.93000000000296
9.999999999999831 78.09000000000304
10.01999999999983 78.25000000000313
10.03999999999983 78.4000000000032
10.05999999999983 78.56000000000328
10.07999999999983 78.72000000000337
10.09999999999983 78.87000000000344
10.119999999999829 79.03000000000353
10.139999999999828 79.19000000000361
10.159999999999828 79.34000000000368
10.179999999999827 79.50000000000377
10.199999999999827 79.66000000000385
10.219999999999827 79.81000000000392
10.239999999999826 79.970000000004
10.259999999999826 80.13000000000409
10.279999999999825 80.28000000000416
10.299999999999825 80.44000000000425
10.319999999999824 80.60000000000433
10.339999999999824 80.7500000000044
10.359999999999824 80.91000000000449
10.379999999999823 81.07000000000457
10.399999999999823 81.22000000000465
10.419999999999822 81.38000000000473
10.439999999999822 81.54000000000481
10.459999999999821 81.70000000000489
10.479999999999821 81.85000000000497
10.49999999999982 82.01000000000505
10.51999999999982 82.17000000000513
10.53999999999982 82.32000000000521
10.55999999999982 82.48000000000529
10.579999999999819 82.64000000000537
10.599999999999818 82.79000000000545
10.619999999999818 82.95000000000553
10.639999999999818 83.11000000000561
10.659999999999817 83.26000000000569
10.679999999999817 83.42000000000577
10.699999999999816 83.58000000000585
10.719999999999816 83.73000000000593
10.739999999999815 83.89000000000601
10.759999999999815 84.0500000000061
10.779999999999815 84.20000000000617
10.799999999999814 84.36000000000625
10.819999999999814 84.52000000000633
10.839999999999813 84.67000000000641
10.859999999999813 84.83000000000649
10.879999999999812 84.99000000000657
10.899999999999812 85.14000000000665
10.919999999999812 85.30000000000673
10.939999999999811 85.46000000000681
10.95999999999981 85.61000000000689
10.97999999999981 85.77000000000697
10.99999999999981 85.93000000000706
11.01999999999981 86.08000000000713
11.039999999999809 86.24000000000721
11.059999999999809 86.4000000000073
11.079999999999808 86.55000000000737
11.099999999999808 86.71000000000745
11.119999999999807 86.87000000000754
11.139999999999807 87.02000000000761
11.159999999999807 87.1800000000077
11.179999999999806 87.34000000000778
11.199999999999806 87.49000000000785
11.219999999999805 87.65000000000794
11.239999999999805 87.81000000000802
11.259999999999804 87.9600000000081
11.279999999999804 88.12000000000818
11.299999999999804 88.28000000000826
11.319999999999803 88.43000000000833
11.339999999999803 88.59000000000842
11.359999999999802 88.7500000000085
11.379999999999802 88.90000000000857
11.399999999999801 89.06000000000866
11.419999999999801 89.22000000000874
11.4399999999998 89.37000000000882
11.4599999999998 89.5300000000089
11.4799999999998 89.69000000000898
11.4999999999998 89.84000000000906
11.519999999999799 90.00000000000914
11.539999999999798 90.16000000000922
11.559999999999798 90.3100000000093
11.579999999999798 90.47000000000938
11.599999999999797 90.63000000000946
11.619999999999797 90.78000000000954
11.639999999999796 90.94000000000962
11.659999999999796 91.1000000000097
11.679999999999795 91.26000000000978
11.699999999999795 91.41000000000986
11.719999999999795 91.57000000000994
11.739999999999794 91.73000000001002
11.759999999999794 91.8800000000101
11.779999999999793 92.04000000001018
11.799999999999793 92.20000000001026
11.819999999999792 92.35000000001034
11.839999999999792 92.51000000001042
11.859999999999792 92.6700000000105
11.879999999999791 92.82000000001058
11.89999999999979 92.98000000001066
11.91999999999979 93.14000000001074
11.93999999999979 93.29000000001082
11.95999999999979 93.4500000000109
11.979999999999789 93.61000000001098
11.999999999999789 93.76000000001106
12.019999999999788 93.92000000001114
12.039999999999788 94.08000000001122
12.059999999999787 94.2300000000113
12.079999999999787 94.39000000001138
12.099999999999786 94.55000000001147
12.119999999999786 94.70000000001154
12.139999999999786 94.86000000001162
12.159999999999785 95.0200000000117
12.179999999999785 95.17000000001178
12.199999999999784 95.33000000001186
12.219999999999784 95.49000000001195
12.239999999999783 95.64000000001202
12.259999999999783 95.8000000000121
12.279999999999783 95.96000000001219
12.299999999999782 96.11000000001226
12.319999999999782 96.27000000001235
12.339999999999781 96.43000000001243
12.359999999999781 96.5800000000125
12.37999999999978 96.74000000001259
12.39999999999978 96.90000000001267
12.41999999999978 97.05000000001274
12.43999999999978 97.21000000001283
12.459999999999779 97.37000000001291
12.479999999999778 97.52000000001298
12.499999999999778 97.68000000001307
12.519999999999778 97.84000000001315
12.539999999999777 97.99000000001323
12.559999999999777 98.1500000000133
12.579999999999776 98.31000000001339
12.599999999999776 98.46000000001347
12.619999999999775 98.62000000001355
12.639999999999775 98.78000000001363
12.659999999999775 98.9300000000137
12.679999999999774 99.09000000001379
12.699999999999774 99.25000000001387
12.719999999999773 99.40000000001395
12.739999999999773 99.56000000001403
12.759999999999772 99.72000000001411
12.779999999999772 99.87000000001419
12.799999999999772 100.03000000001427
12.819999999999771 100.19000000001435
12.83999999999977 100.34000000001443
12.85999999999977 100.50000000001451
12.87999999999977 100.66000000001459
12.89999999999977 100.81000000001467
12.919999999999769 100.97000000001475
12.939999999999769 101.13000000001483
12.959999999999768 101.28000000001491
12.979999999999768 101.44000000001499
12.999999999999767 101.60000000001507
13.019999999999767 101.75000000001515
13.039999999999766 101.91000000001523
13.059999999999766 102.07000000001531
13.079999999999766 102.22000000001539
13.099999999999765 102.38000000001547
13.119999999999765 102.54000000001555
13.139999999999764 102.69000000001563
13.159999999999764 102.85000000001571
13.179999999999763 103.0100000000158
13.199999999999763 103.16000000001587
13.219999999999763 103.32000000001595
13.239999999999762 103.48000000001603
13.259999999999762 103.63000000001611
13.279999999999761 103.79000000001619
13.299999999999761 103.95000000001627
13.31999999999976 104.10000000001635
13.33999999999976 104.26000000001643
13.35999999999976 104.42000000001651
13.37999999999976 104.57000000001659
13.399999999999759 104.73000000001667
13.419999999999758 104.89000000001676
13.439999999999758 105.04000000001683
13.459999999999757 105.20000000001691
13.479999999999757 105.360000000017
13.499999999999757 105.51000000001707
13.519999999999756 105.67000000001715
13.539999999999756 105.82000000001723
13.559999999999755 105.98000000001731
13.579999999999755 106.1400000000174
13.599999999999755 106.29000000001747
13.619999999999754 106.45000000001755
13.639999999999754 106.61000000001764
13.659999999999753 106.76000000001771
13.679999999999753 106.9200000000178
13.699999999999752 107.08000000001788
13.719999999999752 107.23000000001795
13.739999999999752 107.39000000001803
13.759999999999751 107.55000000001812
13.77999999999975 107.70000000001819
13.79999999999975 107.86000000001827
13.81999999999975 108.02000000001836
13.83999999999975 108.17000000001843
13.859999999999749 108.33000000001852
13.879999999999749 108.4900000000186
13.899999999999748 108.64000000001867
13.919999999999748 108.80000000001876
13.939999999999747 108.96000000001884
13.959999999999747 109.11000000001891
13.979999999999746 109.270000000019
13.999999999999746 109.43000000001908
14.019999999999746 109.58000000001915
14.039999999999745 109.74000000001924
14.059999999999745 109.90000000001932
14.079999999999744 110.0500000000194
14.099999999999744 110.21000000001948
14.119999999999743 110.37000000001956
14.139999999999743 110.52000000001964
14.159999999999743 110.68000000001972
14.179999999999742 110.8400000000198
14.199999999999742 110.99000000001988
14.219999999999741 111.15000000001996
14.23999999999974 111.31000000002004
14.25999999999974 111.46000000002012
14.27999999999974 111.6200000000202
14.29999999999974 111.78000000002028
14.31999999999974 111.93000000002036
14.339999999999739 112.09000000002044
14.359999999999738 112.25000000002052
14.379999999999738 112.4000000000206
14.399999999999737 112.56000000002068
14.419999999999737 112.72000000002076
14.439999999999737 112.87000000002084
14.459999999999736 113.03000000002092
14.479999999999736 113.190000000021
14.499999999999735 113.34000000002108
14.519999999999735 113.50000000002116
14.539999999999734 113.66000000002124
14.559999999999734 113.81000000002132
14.579999999999734 113.9700000000214
14.599999999999733 114.13000000002148
14.619999999999733 114.28000000002156
14.639999999999732 114.44000000002164
14.659999999999732 114.60000000002172
14.679999999999731 114.7500000000218
14.699999999999731 114.91000000002188
14.71999999999973 115.07000000002196
14.73999999999973 115.22000000002204
14.75999999999973 115.38000000002212
14.77999999999973 115.5400000000222
14.799999999999729 115.69000000002228
14.819999999999729 115.85000000002236
14.839999999999728 116.01000000002244
14.859999999999728 116.16000000002252
14.879999999999727 116.3200000000226
14.899999999999727 116.48000000002268
14.919999999999726 116.63000000002276
14.939999999999726 116.79000000002284
14.959999999999726 116.95000000002292
14.979999999999725 117.100000000023
14.999999999999725 117.26000000002308
15.019999999999724 117.42000000002317
15.039999999999724 117.57000000002324
15.059999999999723 117.73000000002332
15.079999999999723 117.8800000000234
15.099999999999723 118.04000000002348
15.119999999999722 118.20000000002356
15.139999999999722 118.35000000002364
15.159999999999721 118.51000000002372
15.17999999999972 118.6700000000238
15.19999999999972 118.82000000002388
15.21999999999972 118.98000000002396
15.23999999999972 119.14000000002405
15.25999999999972 119.29000000002412
15.279999999999719 119.4500000000242
15.299999999999718 119.61000000002429
15.319999999999718 119.76000000002436
15.339999999999717 119.92000000002444
15.359999999999717 120.08000000002453
15.379999999999717 120.2300000000246
15.399999999999716 120.39000000002468
15.419999999999716 120.55000000002477
15.439999999999715 120.70000000002484
15.459999999999715 120.86000000002493
15.479999999999714 121.02000000002501
15.499999999999714 121.17000000002508
15.519999999999714 121.33000000002517
15.539999999999713 121.49000000002525
15.559999999999713 121.64000000002532
15.579999999999712 121.8000000000254
15.599999999999712 121.96000000002549
15.619999999999711 122.11000000002556
15.639999999999711 122.27000000002565
15.65999999999971 122.43000000002573
15.67999999999971 122.5800000000258
15.69999999999971 122.74000000002589
15.71999999999971 122.90000000002597
15.739999999999709 123.05000000002605
15.759999999999708 123.21000000002613
15.779999999999708 123.37000000002621
15.799999999999708 123.52000000002629
15.819999999999707 123.68000000002637
15.839999999999707 123.84000000002645
15.859999999999706 123.99000000002653
15.879999999999706 124.15000000002661
15.899999999999705 124.31000000002669
15.919999999999705 124.46000000002677
15.939999999999705 124.62000000002685
15.959999999999704 124.78000000002693
15.979999999999704 124.93000000002701
15.999999999999703 125.09000000002709
16.019999999999705 125.25000000002717
16.039999999999708 125.40000000002725
16.05999999999971 125.56000000002733
16.079999999999714 125.72000000002741
16.099999999999717 125.87000000002749
16.11999999999972 126.03000000002757
16.139999999999723 126.18000000002765
16.159999999999727 126.34000000002773
16.17999999999973 126.50000000002781
16.199999999999733 126.65000000002789
16.219999999999736 126.81000000002797
16.23999999999974 126.97000000002805
16.259999999999742 127.12000000002813
16.279999999999745 127.28000000002821
16.29999999999975 127.44000000002829
16.31999999999975 127.59000000002837
16.339999999999755 127.75000000002845
16.359999999999758 127.91000000002853
16.37999999999976 128.0600000000285
16.399999999999764 128.22000000002836
16.419999999999767 128.38000000002822
16.43999999999977 128.53000000002808
16.459999999999773 128.69000000002794
16.479999999999777 128.8500000000278
16.49999999999978 129.00000000002765
16.519999999999783 129.1600000000275
16.539999999999786 129.32000000002736
16.55999999999979 129.47000000002723
16.579999999999792 129.63000000002708
16.599999999999795 129.79000000002694
16.6199999999998 129.9400000000268
16.6399999999998 130.10000000002665
16.659999999999805 130.2600000000265
16.679999999999808 130.41000000002637
16.69999999999981 130.57000000002623
16.719999999999814 130.73000000002608
16.739999999999817 130.88000000002594
16.75999999999982 131.0400000000258
16.779999999999824 131.20000000002565
16.799999999999827 131.35000000002552
16.81999999999983 131.51000000002537
16.839999999999833 131.67000000002523
16.859999999999836 131.8200000000251
16.87999999999984 131.98000000002494
16.899999999999842 132.1400000000248
16.919999999999845 132.29000000002466
16.93999999999985 132.45000000002452
16.95999999999985 132.60000000002438
16.979999999999855 132.76000000002423
16.999999999999858 132.9200000000241
17.01999999999986 133.07000000002395
17.039999999999864 133.2300000000238
17.059999999999867 133.39000000002366
17.07999999999987 133.54000000002353
17.099999999999874 133.70000000002338
17.119999999999877 133.86000000002323
17.13999999999988 134.0100000000231
17.159999999999883 134.17000000002295
17.179999999999886 134.3300000000228
17.19999999999989 134.48000000002267
17.219999999999892 134.64000000002252
17.239999999999895 134.80000000002238
17.2599999999999 134.95000000002224
17.2799999999999 135.1100000000221
17.299999999999905 135.27000000002195
17.319999999999908 135.42000000002182
17.33999999999991 135.58000000002167
17.359999999999914 135.74000000002152
17.379999999999917 135.8900000000214
17.39999999999992 136.05000000002124
17.419999999999924 136.2100000000211
17.439999999999927 136.36000000002096
17.45999999999993 136.52000000002081
17.479999999999933 136.68000000002067
17.499999999999936 136.83000000002053
17.51999999999994 136.9900000000204
17.539999999999942 137.15000000002024
17.559999999999945 137.3000000000201
17.57999999999995 137.46000000001996
17.59999999999995 137.62000000001981
17.619999999999955 137.77000000001968
17.639999999999958 137.93000000001953
17.65999999999996 138.0900000000194
17.679999999999964 138.24000000001925
17.699999999999967 138.4000000000191
17.71999999999997 138.55000000001897
17.739999999999974 138.71000000001882
17.759999999999977 138.87000000001868
17.77999999999998 139.02000000001854
17.799999999999983 139.1800000000184
17.819999999999986 139.34000000001825
17.83999999999999 139.4900000000181
17.859999999999992 139.65000000001797
17.879999999999995 139.81000000001782
17.9 139.9600000000177
17.92 140.12000000001754
17.940000000000005 140.2800000000174
17.960000000000008 140.43000000001726
17.98000000000001 140.5900000000171
18.000000000000014 140.75000000001697
18.020000000000017 140.90000000001683
18.04000000000002 141.0600000000167
18.060000000000024 141.22000000001654
18.080000000000027 141.3700000000164
18.10000000000003 141.53000000001626
18.120000000000033 141.6900000000161
18.140000000000036 141.84000000001598
18.16000000000004 142.00000000001583
18.180000000000042 142.16000000001569
18.200000000000045 142.31000000001555
18.22000000000005 142.4700000000154
18.24000000000005 142.63000000001526
18.260000000000055 142.78000000001512
18.280000000000058 142.94000000001498
18.30000000000006 143.10000000001483
18.320000000000064 143.2500000000147
18.340000000000067 143.41000000001455
18.36000000000007 143.5700000000144
18.380000000000074 143.72000000001427
18.400000000000077 143.88000000001412
18.42000000000008 144.03000000001398
18.440000000000083 144.19000000001384
18.460000000000086 144.3500000000137
18.48000000000009 144.50000000001356
18.500000000000092 144.6600000000134
18.520000000000095 144.82000000001327
18.5400000000001 144.97000000001313
18.5600000000001 145.13000000001298
18.580000000000105 145.29000000001284
18.600000000000108 145.4400000000127
18.62000000000011 145.60000000001256
18.640000000000114 145.7600000000124
18.660000000000117 145.91000000001227
18.68000000000012 146.07000000001213
18.700000000000124 146.23000000001198
18.720000000000127 146.38000000001185
18.74000000000013 146.5400000000117
18.760000000000133 146.70000000001156
18.780000000000136 146.85000000001142
18.80000000000014 147.01000000001127
18.820000000000142 147.17000000001113
18.840000000000146 147.320000000011
18.86000000000015 147.48000000001085
18.88000000000015 147.6400000000107
18.900000000000155 147.79000000001056
18.920000000000158 147.95000000001042
18.94000000000016 148.11000000001027
18.960000000000164 148.26000000001014
18.980000000000167 148.42000000001
19.00000000000017 148.58000000000985
19.020000000000174 148.7300000000097
19.040000000000177 148.89000000000956
19.06000000000018 149.04000000000943
19.080000000000183 149.20000000000928
19.100000000000186 149.36000000000914
19.12000000000019 149.510000000009
19.140000000000192 149.67000000000886
19.160000000000196 149.8300000000087
19.1800000000002 149.98000000000857
19.200000000000202 150.14000000000843
19.220000000000205 150.30000000000828
19.240000000000208 150.45000000000815
19.26000000000021 150.610000000008
19.280000000000214 150.77000000000785
19.300000000000217 150.92000000000772
19.32000000000022 151.08000000000757
19.340000000000224 151.24000000000743
19.360000000000227 151.3900000000073
19.38000000000023 151.55000000000715
19.400000000000233 151.710000000007
19.420000000000236 151.86000000000686
19.44000000000024 152.02000000000672
19.460000000000242 152.18000000000657
19.480000000000246 152.33000000000644
19.50000000000025 152.4900000000063
19.520000000000252 152.65000000000614
19.540000000000255 152.800000000006
19.560000000000258 152.96000000000586
19.58000000000026 153.12000000000572
19.600000000000264 153.27000000000558
19.620000000000267 153.43000000000544
19.64000000000027 153.5900000000053
19.660000000000274 153.74000000000515
19.680000000000277 153.900000000005
19.70000000000028 154.05000000000487
19.720000000000283 154.21000000000473
19.740000000000286 154.37000000000458
19.76000000000029 154.52000000000444
19.780000000000292 154.6800000000043
19.800000000000296 154.84000000000415
19.8200000000003 154.99000000000402
19.840000000000302 155.15000000000387
19.860000000000305 155.31000000000373
19.880000000000308 155.4600000000036
19.90000000000031 155.62000000000344
19.920000000000314 155.7800000000033
19.940000000000317 155.93000000000316
19.96000000000032 156.09000000000302
19.980000000000324 156.25000000000287
20.000000000000327 156.40000000000273
20.02000000000033 156.5600000000026
20.040000000000333 156.72000000000244
20.060000000000336 156.8700000000023
20.08000000000034 157.03000000000216
20.100000000000342 157.19000000000202
20.120000000000346 157.34000000000188
20.14000000000035 157.50000000000173
20.160000000000352 157.6600000000016
20.180000000000355 157.81000000000145
20.200000000000358 157.9700000000013
20.22000000000036 158.13000000000116
20.240000000000364 158.28000000000102
20.260000000000367 158.44000000000088
20.28000000000037 158.59000000000074
20.300000000000374 158.7500000000006
20.320000000000377 158.91000000000045
20.34000000000038 159.06000000000031
20.360000000000383 159.22000000000017
20.380000000000386 159.38000000000002
20.40000000000039 159.5299999999999
20.420000000000393 159.68999999999974
20.440000000000396 159.8499999999996
20.4600000000004 159.99999999999946
20.480000000000402 160.15999999999931
20.500000000000405 160.31999999999917
20.520000000000408 160.46999999999903
20.54000000000041 160.6299999999989
20.560000000000414 160.78999999999874
20.580000000000418 160.9399999999986
20.60000000000042 161.09999999999846
20.620000000000424 161.2599999999983
20.640000000000427 161.40999999999818
20.66000000000043 161.56999999999803
20.680000000000433 161.7299999999979
20.700000000000436 161.87999999999775
20.72000000000044 162.0399999999976
20.740000000000443 162.19999999999746
20.760000000000446 162.34999999999732
20.78000000000045 162.50999999999718
20.800000000000452 162.66999999999703
20.820000000000455 162.8199999999969
20.840000000000458 162.97999999999675
20.86000000000046 163.1299999999966
20.880000000000464 163.28999999999647
20.900000000000468 163.44999999999632
20.92000000000047 163.5999999999962
20.940000000000474 163.75999999999604
20.960000000000477 163.9199999999959
20.98000000000048 164.06999999999576
21.000000000000483 164.2299999999956
21.020000000000486 164.38999999999547
21.04000000000049 164.53999999999533
21.060000000000493 164.69999999999519
21.080000000000496 164.85999999999504
21.1000000000005 165.0099999999949
21.120000000000502 165.16999999999476
21.140000000000505 165.3299999999946
21.160000000000508 165.47999999999448
21.18000000000051 165.63999999999433
21.200000000000514 165.79999999999418
21.220000000000518 165.94999999999405
21.24000000000052 166.1099999999939
21.260000000000524 166.26999999999376
21.280000000000527 166.41999999999362
21.30000000000053 166.57999999999348
21.320000000000533 166.73999999999333
21.340000000000536 166.8899999999932
21.36000000000054 167.04999999999305
21.380000000000543 167.1999999999929
21.400000000000546 167.35999999999277
21.42000000000055 167.51999999999262
21.440000000000552 167.66999999999248
21.460000000000555 167.82999999999234
21.480000000000558 167.9899999999922
21.50000000000056 168.13999999999206
21.520000000000564 168.2999999999919
21.540000000000568 168.45999999999177
21.56000000000057 168.60999999999163
21.580000000000574 168.76999999999148
21.600000000000577 168.92999999999134
21.62000000000058 169.0799999999912
21.640000000000583 169.23999999999106
21.660000000000586 169.3999999999909
21.68000000000059 169.54999999999077
21.700000000000593 169.70999999999063
21.720000000000596 169.86999999999048
21.7400000000006 170.01999999999035
21.760000000000602 170.1799999999902
21.780000000000605 170.33999999999006
21.80000000000061 170.48999999998992
21.82000000000061 170.64999999998977
21.840000000000614 170.80999999998963
21.860000000000618 170.9599999999895
21.88000000000062 171.11999999998935
21.900000000000624 171.2799999999892
21.920000000000627 171.42999999998906
21.94000000000063 171.58999999998892
21.960000000000633 171.73999999998878
21.980000000000636 171.89999999998864
22.00000000000064 172.0599999999885
22.020000000000643 172.20999999998836
22.040000000000646 172.3699999999882
22.06000000000065 172.52999999998806
22.080000000000652 172.67999999998793
22.100000000000655 172.83999999998778
22.12000000000066 172.99999999998764
22.14000000000066 173.1499999999875
22.160000000000664 173.30999999998735
22.180000000000668 173.4699999999872
22.20000000000067 173.61999999998707
22.220000000000674 173.77999999998693
22.240000000000677 173.93999999998678
22.26000000000068 174.08999999998665
22.280000000000683 174.2499999999865
22.300000000000686 174.40999999998635
22.32000000000069 174.55999999998622
22.340000000000693 174.71999999998607
22.360000000000696 174.87999999998593
22.3800000000007 175.0299999999858
22.400000000000702 175.18999999998564
22.420000000000705 175.3499999999855
22.44000000000071 175.49999999998536
22.46000000000071 175.65999999998522
22.480000000000715 175.80999999998508
22.500000000000718 175.96999999998494
22.52000000000072 176.1299999999848
22.540000000000724 176.27999999998465
22.560000000000727 176.4399999999845
22.58000000000073 176.59999999998436
22.600000000000733 176.74999999998423
22.620000000000736 176.90999999998408
22.64000000000074 177.06999999998393
22.660000000000743 177.2199999999838
22.680000000000746 177.37999999998365
22.70000000000075 177.5399999999835
22.720000000000752 177.68999999998337
22.740000000000755 177.84999999998323
22.76000000000076 178.00999999998308
22.78000000000076 178.15999999998294
22.800000000000765 178.3199999999828
22.820000000000768 178.47999999998265
22.84000000000077 178.62999999998252
22.860000000000774 178.78999999998237
22.880000000000777 178.94999999998223
22.90000000000078 179.0999999999821
22.920000000000783 179.25999999998194
22.940000000000786 179.4199999999818
22.96000000000079 179.56999999998166
22.980000000000793 179.72999999998152
23.000000000000796 179.87999999998138
23.0200000000008 180.03999999998123
23.040000000000802 180.1999999999811
23.060000000000805 180.34999999998095
23.08000000000081 180.5099999999808
23.10000000000081 180.66999999998066
23.120000000000815 180.81999999998052
23.140000000000818 180.97999999998038
23.16000000000082 181.13999999998023
23.180000000000824 181.2899999999801
23.200000000000827 181.44999999997995
23.22000000000083 181.6099999999798
23.240000000000833 181.75999999997967
23.260000000000836 181.91999999997952
23.28000000000084 182.07999999997938
23.300000000000843 182.22999999997924
23.320000000000846 182.3899999999791
23.34000000000085 182.54999999997895
23.360000000000852 182.69999999997881
23.380000000000855 182.85999999997867
23.40000000000086 183.01999999997852
23.42000000000086 183.1699999999784
23.440000000000865 183.32999999997824
23.460000000000868 183.4899999999781
23.48000000000087 183.63999999997796
23.500000000000874 183.7999999999778
23.520000000000877 183.94999999997768
23.54000000000088 184.10999999997753
23.560000000000883 184.2699999999774
23.580000000000886 184.41999999997725
23.60000000000089 184.5799999999771
23.620000000000893 184.73999999997696
23.640000000000896 184.88999999997682
23.6600000000009 185.04999999997668
23.680000000000902 185.20999999997653
23.700000000000905 185.3599999999764
23.72000000000091 185.51999999997625
23.74000000000091 185.6799999999761
23.760000000000915 185.82999999997597
23.780000000000918 185.98999999997582
23.80000000000092 186.14999999997568
23.820000000000924 186.29999999997554
23.840000000000927 186.4599999999754
23.86000000000093 186.61999999997525
23.880000000000933 186.7699999999751
23.900000000000936 186.92999999997497
23.92000000000094 187.08999999997482
23.940000000000943 187.23999999997469
23.960000000000946 187.39999999997454
23.98000000000095 187.5499999999744
24.000000000000952 187.70999999997426
24.020000000000955 187.8699999999741
24.04000000000096 188.01999999997398
24.06000000000096 188.17999999997383
24.080000000000965 188.33999999997368
24.100000000000968 188.48999999997355
24.12000000000097 188.6499999999734
24.140000000000974 188.80999999997326
24.160000000000977 188.95999999997312
24.18000000000098 189.11999999997298
24.200000000000983 189.27999999997283
24.220000000000987 189.4299999999727
24.24000000000099 189.58999999997255
24.260000000000993 189.7499999999724
24.280000000000996 189.89999999997227
24.300000000001 190.05999999997212
24.320000000001002 190.21999999997198
24.340000000001005 190.36999999997184
24.36000000000101 190.5299999999717
24.38000000000101 190.68999999997155
24.400000000001015 190.8399999999714
24.420000000001018 190.99999999997127
24.44000000000102 191.15999999997112
24.460000000001024 191.30999999997098
24.480000000001027 191.46999999997084
24.50000000000103 191.6199999999707
24.520000000001033 191.77999999997056
24.540000000001037 191.9399999999704
24.56000000000104 192.08999999997027
24.580000000001043 192.24999999997013
24.600000000001046 192.40999999996998
24.62000000000105 192.55999999996985
24.640000000001052 192.7199999999697
24.660000000001055 192.87999999996956
24.68000000000106 193.02999999996942
24.70000000000106 193.18999999996927
24.720000000001065 193.34999999996913
24.740000000001068 193.499999999969
24.76000000000107 193.65999999996885
24.780000000001074 193.8199999999687
24.800000000001077 193.96999999996856
24.82000000000108 194.12999999996842
24.840000000001083 194.28999999996827
24.860000000001087 194.43999999996814
24.88000000000109 194.599999999968
24.900000000001093 194.75999999996785
24.920000000001096 194.9099999999677
24.9400000000011 195.06999999996756
24.960000000001102 195.21999999996743
24.980000000001105 195.37999999996728
25.00000000000111 195.53999999996714
25.02000000000111 195.689999999967
25.040000000001115 195.84999999996685
25.060000000001118 196.0099999999667
25.08000000000112 196.15999999996657
25.100000000001124 196.31999999996643
25.120000000001127 196.47999999996628
25.14000000000113 196.62999999996615
25.160000000001133 196.789999999966
25.180000000001137 196.94999999996585
25.20000000000114 197.09999999996572
25.220000000001143 197.25999999996557
25.240000000001146 197.41999999996543
25.26000000000115 197.5699999999653
25.280000000001152 197.72999999996514
25.300000000001155 197.889999999965
25.32000000000116 198.03999999996486
25.34000000000116 198.19999999996472
25.360000000001165 198.35999999996457
25.380000000001168 198.50999999996444
25.40000000000117 198.6699999999643
25.420000000001174 198.81999999996415
25.440000000001177 198.979999999964
25.46000000000118 199.13999999996386
25.480000000001183 199.28999999996373
25.500000000001187 199.44999999996358
25.52000000000119 199.60999999996343
25.540000000001193 199.7599999999633
25.560000000001196 199.91999999996315
25.5800000000012 200.079999999963
25.600000000001202 200.22999999996287
25.620000000001205 200.38999999996273
25.64000000000121 200.54999999996258
25.66000000000121 200.69999999996244
25.680000000001215 200.8599999999623
25.700000000001218 201.01999999996215
25.72000000000122 201.16999999996202
25.740000000001224 201.32999999996187
25.760000000001227 201.48999999996173
25.78000000000123 201.6399999999616
25.800000000001234 201.79999999996144
25.820000000001237 201.9599999999613
25.84000000000124 202.10999999996116
25.860000000001243 202.26999999996102
25.880000000001246 202.42999999996087
25.90000000000125 202.57999999996073
25.920000000001252 202.7399999999606
25.940000000001255 202.88999999996045
25.96000000000126 203.0499999999603
25.98000000000126 203.20999999996016
26.000000000001265 203.35999999996002
26.020000000001268 203.51999999995988
26.04000000000127 203.67999999995973
26.060000000001274 203.8299999999596
26.080000000001277 203.98999999995945
26.10000000000128 204.1499999999593
26.120000000001284 204.29999999995917
26.140000000001287 204.45999999995902
26.16000000000129 204.61999999995888
26.180000000001293 204.76999999995874
26.200000000001296 204.9299999999586
26.2200000000013 205.08999999995845
26.240000000001302 205.23999999995831
26.260000000001305 205.39999999995817
26.28000000000131 205.55999999995802
26.30000000000131 205.7099999999579
26.320000000001315 205.86999999995774
26.340000000001318 206.0299999999576
26.36000000000132 206.17999999995746
26.380000000001324 206.3399999999573
26.400000000001327 206.48999999995718
26.42000000000133 206.64999999995703
26.440000000001334 206.8099999999569
26.460000000001337 206.95999999995675
26.48000000000134 207.1199999999566
26.500000000001343 207.27999999995646
26.520000000001346 207.42999999995632
26.54000000000135 207.58999999995618
26.560000000001352 207.74999999995603
26.580000000001355 207.8999999999559
26.60000000000136 208.05999999995575
26.62000000000136 208.2199999999556
26.640000000001365 208.36999999995547
26.660000000001368 208.52999999995532
26.68000000000137 208.68999999995518
26.700000000001374 208.83999999995504
26.720000000001377 208.9999999999549
26.74000000000138 209.15999999995475
26.760000000001384 209.3099999999546
26.780000000001387 209.46999999995447
26.80000000000139 209.62999999995432
26.820000000001393 209.77999999995419
26.840000000001396 209.93999999995404
26.8600000000014 210.0899999999539
26.880000000001402 210.24999999995376
26.900000000001405 210.4099999999536
26.92000000000141 210.55999999995348
26.94000000000141 210.71999999995333
26.960000000001415 210.87999999995318
26.980000000001418 211.02999999995305
27.00000000000142 211.1899999999529
27.020000000001424 211.34999999995276
27.040000000001427 211.49999999995262
27.06000000000143 211.65999999995248
27.080000000001434 211.81999999995233
27.100000000001437 211.9699999999522
27.12000000000144 212.12999999995205
27.140000000001443 212.2899999999519
27.160000000001446 212.43999999995177
27.18000000000145 212.59999999995162
27.200000000001452 212.75999999995148
27.220000000001455 212.90999999995134
27.24000000000146 213.0699999999512
27.26000000000146 213.22999999995105
27.280000000001465 213.3799999999509
27.300000000001468 213.53999999995077
27.32000000000147 213.68999999995063
27.340000000001474 213.84999999995048
27.360000000001477 214.00999999995034
27.38000000000148 214.1599999999502
27.400000000001484 214.31999999995006
27.420000000001487 214.4799999999499
27.44000000000149 214.62999999994977
27.460000000001493 214.78999999994963
27.480000000001496 214.94999999994948
27.5000000000015 215.09999999994935
27.520000000001502 215.2599999999492
27.540000000001505 215.41999999994906
27.56000000000151 215.56999999994892
27.58000000000151 215.72999999994877
27.600000000001515 215.88999999994863
27.620000000001518 216.0399999999485
27.64000000000152 216.19999999994835
27.660000000001524 216.3599999999482
27.680000000001527 216.50999999994806
27.70000000000153 216.66999999994792
27.720000000001534 216.82999999994777
27.740000000001537 216.97999999994764
27.76000000000154 217.1399999999475
27.780000000001543 217.28999999994736
27.800000000001546 217.4499999999472
27.82000000000155 217.60999999994706
27.840000000001552 217.75999999994693
27.860000000001556 217.91999999994678
27.88000000000156 218.07999999994664
27.90000000000156 218.2299999999465
27.920000000001565 218.38999999994635
27.940000000001568 218.5499999999462
27.96000000000157 218.69999999994607
27.980000000001574 218.85999999994593
28.000000000001577 219.01999999994578
28.02000000000158 219.16999999994565
28.040000000001584 219.3299999999455
28.060000000001587 219.48999999994535
28.08000000000159 219.63999999994522
28.100000000001593 219.79999999994507
28.120000000001596 219.95999999994493
28.1400000000016 220.1099999999448
28.160000000001602 220.26999999994464
28.180000000001606 220.4199999999445
28.20000000000161 220.57999999994436
28.220000000001612 220.73999999994422
28.240000000001615 220.88999999994408
28.260000000001618 221.04999999994394
28.28000000000162 221.2099999999438
28.300000000001624 221.35999999994365
28.320000000001627 221.5199999999435
28.34000000000163 221.67999999994336
28.360000000001634 221.82999999994323
28.380000000001637 221.98999999994308
28.40000000000164 222.14999999994293
28.420000000001643 222.2999999999428
28.440000000001646 222.45999999994265
28.46000000000165 222.6199999999425
28.480000000001652 222.76999999994237
28.500000000001656 222.92999999994223
28.52000000000166 223.08999999994208
28.540000000001662 223.23999999994194
28.560000000001665 223.3999999999418
28.580000000001668 223.55999999994165
28.60000000000167 223.70999999994152
28.620000000001674 223.86999999994137
28.640000000001677 224.01999999994123
28.66000000000168 224.1799999999411
28.680000000001684 224.33999999994094
28.700000000001687 224.4899999999408
28.72000000000169 224.64999999994066
28.740000000001693 224.80999999994052
28.760000000001696 224.95999999994038
28.7800000000017 225.11999999994023
28.800000000001702 225.2799999999401
28.820000000001706 225.42999999993995
28.84000000000171 225.5899999999398
28.860000000001712 225.74999999993966
28.880000000001715 225.89999999993952
28.900000000001718 226.05999999993938
28.92000000000172 226.21999999993923
28.940000000001724 226.3699999999391
28.960000000001727 226.52999999993895
28.98000000000173 226.6899999999388
29.000000000001734 226.83999999993867
29.020000000001737 226.99999999993852
29.04000000000174 227.15999999993838
29.060000000001743 227.30999999993824
29.080000000001746 227.4699999999381
29.10000000000175 227.61999999993796
29.120000000001752 227.77999999993781
29.140000000001756 227.93999999993767
29.16000000000176 228.08999999993753
29.180000000001762 228.2499999999374
29.200000000001765 228.40999999993724
29.220000000001768 228.5599999999371
29.24000000000177 228.71999999993696
29.260000000001774 228.8799999999368
29.280000000001777 229.02999999993668
29.30000000000178 229.18999999993653
29.320000000001784 229.3499999999364
29.340000000001787 229.49999999993625
29.36000000000179 229.6599999999361
29.380000000001793 229.81999999993596
29.400000000001796 229.96999999993582
29.4200000000018 230.12999999993568
29.440000000001803 230.28999999993553
29.460000000001806 230.4399999999354
29.48000000000181 230.59999999993525
29.500000000001812 230.7499999999351
29.520000000001815 230.90999999993497
29.540000000001818 231.06999999993482
29.56000000000182 231.21999999993469
29.580000000001824 231.37999999993454
29.600000000001828 231.5399999999344
29.62000000000183 231.68999999993426
29.640000000001834 231.8499999999341
29.660000000001837 232.00999999993397
29.68000000000184 232.15999999993383
29.700000000001843 232.31999999993369
29.720000000001846 232.47999999993354
29.74000000000185 232.6299999999334
29.760000000001853 232.78999999993326
29.780000000001856 232.9499999999331
29.80000000000186 233.09999999993298
29.820000000001862 233.25999999993283
29.840000000001865 233.41999999993268
29.860000000001868 233.56999999993255
29.88000000000187 233.7299999999324
29.900000000001874 233.88999999993226
29.920000000001878 234.03999999993212
29.94000000000188 234.19999999993198
29.960000000001884 234.34999999993184
29.980000000001887 234.5099999999317
30.00000000000189 234.66999999993155
30.020000000001893 234.8199999999314
30.040000000001896 234.97999999993127
30.0600000000019 235.13999999993112
30.080000000001903 235.28999999993098
30.100000000001906 235.44999999993084
30.12000000000191 235.6099999999307
30.140000000001912 235.75999999993056
30.160000000001915 235.9199999999304
30.180000000001918 236.07999999993027
30.20000000000192 236.22999999993013
30.220000000001924 236.38999999992998
30.240000000001928 236.54999999992984
30.26000000000193 236.6999999999297
30.280000000001934 236.85999999992956
30.300000000001937 237.0199999999294
30.32000000000194 237.16999999992927
30.340000000001943 237.32999999992913
30.360000000001946 237.48999999992898
30.38000000000195 237.63999999992885
30.400000000001953 237.7999999999287
30.420000000001956 237.94999999992856
30.44000000000196 238.10999999992842
30.460000000001962 238.26999999992827
30.480000000001965 238.41999999992814
30.500000000001968 238.579999999928
30.52000000000197 238.73999999992785
30.540000000001974 238.8899999999277
30.560000000001978 239.04999999992756
30.58000000000198 239.20999999992742
30.600000000001984 239.35999999992728
30.620000000001987 239.51999999992714
30.64000000000199 239.679999999927
30.660000000001993 239.82999999992686
30.680000000001996 239.9899999999267
30.700000000002 240.14999999992656
30.720000000002003 240.29999999992643
30.740000000002006 240.45999999992628
30.76000000000201 240.61999999992614
30.780000000002012 240.769999999926
30.800000000002015 240.92999999992585
30.82000000000202 241.07999999992572
30.84000000000202 241.23999999992557
30.860000000002024 241.39999999992543
30.880000000002028 241.5499999999253
30.90000000000203 241.70999999992515
30.920000000002034 241.869999999925
30.940000000002037 242.01999999992486
30.96000000000204 242.17999999992472
30.980000000002043 242.33999999992457
31.000000000002046 242.48999999992444
31.02000000000205 242.6499999999243
31.040000000002053 242.80999999992414
31.060000000002056 242.959999999924
31.08000000000206 243.11999999992386
31.100000000002062 243.27999999992372
31.120000000002065 243.42999999992358
31.14000000000207 243.58999999992344
31.16000000000207 243.7499999999233
31.180000000002075 243.89999999992315
31.200000000002078 244.059999999923
31.22000000000208 244.21999999992286
31.240000000002084 244.36999999992273
31.260000000002087 244.52999999992258
31.28000000000209 244.67999999992244
31.300000000002093 244.8399999999223
31.320000000002096 244.99999999992215
31.3400000000021 245.14999999992202
31.360000000002103 245.30999999992187
31.380000000002106 245.46999999992173
31.40000000000211 245.6199999999216
31.420000000002112 245.77999999992144
31.440000000002115 245.9399999999213
31.46000000000212 246.08999999992116
31.48000000000212 246.24999999992102
31.500000000002125 246.40999999992087
31.520000000002128 246.55999999992073
31.54000000000213 246.7199999999206
31.560000000002134 246.87999999992044
31.580000000002137 247.0299999999203
31.60000000000214 247.18999999992016
31.620000000002143 247.34999999992002
31.640000000002146 247.49999999991988
31.66000000000215 247.65999999991973
31.680000000002153 247.8099999999196
31.700000000002156 247.96999999991945
31.72000000000216 248.1299999999193
31.740000000002162 248.27999999991917
31.760000000002165 248.43999999991902
31.78000000000217 248.59999999991888
31.80000000000217 248.74999999991874
31.820000000002175 248.9099999999186
31.840000000002178 249.06999999991845
31.86000000000218 249.21999999991831
31.880000000002184 249.37999999991817
31.900000000002187 249.53999999991802
31.92000000000219 249.6899999999179
31.940000000002193 249.84999999991774
31.960000000002196 250.0099999999176
31.9800000000022 250.15999999991746
32.0000000000022 250.31999999991731
32.0200000000022 250.47999999991717
32.040000000002195 250.62999999991703
32.06000000000219 250.7899999999169
32.08000000000219 250.94999999991674
32.10000000000218 251.0999999999166
32.12000000000218 251.25999999991646
32.140000000002175 251.40999999991632
32.16000000000217 251.56999999991618
32.18000000000217 251.72999999991603
32.20000000000216 251.8799999999159
32.22000000000216 252.03999999991575
32.240000000002155 252.1999999999156
32.26000000000215 252.34999999991547
32.28000000000215 252.50999999991532
32.30000000000214 252.66999999991518
32.32000000000214 252.81999999991504
32.340000000002135 252.9799999999149
32.36000000000213 253.13999999991475
32.38000000000213 253.2899999999146
32.40000000000212 253.44999999991447
32.42000000000212 253.60999999991432
32.440000000002115 253.75999999991419
32.46000000000211 253.91999999991404
32.48000000000211 254.0799999999139
32.5000000000021 254.22999999991376
32.5200000000021 254.3899999999136
32.540000000002095 254.53999999991348
32.56000000000209 254.69999999991333
32.58000000000209 254.85999999991319
32.60000000000208 255.00999999991305
32.62000000000208 255.1699999999129
32.640000000002075 255.32999999991276
32.66000000000207 255.47999999991262
32.68000000000207 255.63999999991248
32.70000000000206 255.79999999991233
32.72000000000206 255.9499999999122
32.740000000002055 256.1099999999121
32.76000000000205 256.26999999991193
32.78000000000205 256.4199999999118
32.80000000000204 256.57999999991165
32.82000000000204 256.7399999999115
32.840000000002036 256.88999999991137
32.86000000000203 257.0499999999112
32.88000000000203 257.2099999999111
32.900000000002024 257.35999999991094
32.92000000000202 257.5199999999108
32.940000000002016 257.66999999991066
32.96000000000201 257.8299999999105
32.98000000000201 257.98999999991037
33.000000000002004 258.13999999991023
33.020000000002 258.2999999999101
33.040000000001996 258.45999999990994
33.06000000000199 258.6099999999098
33.08000000000199 258.76999999990966
33.100000000001984 258.9299999999095
33.12000000000198 259.0799999999094
33.140000000001976 259.23999999990923
33.16000000000197 259.3999999999091
33.18000000000197 259.54999999990895
33.200000000001964 259.7099999999088
33.22000000000196 259.86999999990866
33.240000000001956 260.0199999999085
33.26000000000195 260.1799999999084
33.28000000000195 260.33999999990823
33.300000000001944 260.4899999999081
33.32000000000194 260.64999999990795
33.340000000001936 260.8099999999078
33.36000000000193 260.95999999990767
33.38000000000193 261.1199999999075
33.400000000001924 261.2699999999074
33.42000000000192 261.42999999990724
33.440000000001916 261.5899999999071
33.46000000000191 261.73999999990696
33.48000000000191 261.8999999999068
33.500000000001904 262.05999999990667
33.5200000000019 262.20999999990653
33.540000000001896 262.3699999999064
33.56000000000189 262.52999999990624
33.58000000000189 262.6799999999061
33.600000000001884 262.83999999990596
33.62000000000188 262.9999999999058
33.640000000001876 263.1499999999057
33.66000000000187 263.30999999990553
33.68000000000187 263.4699999999054
33.700000000001864 263.61999999990525
33.72000000000186 263.7799999999051
33.74000000000186 263.93999999990496
33.76000000000185 264.0899999999048
33.78000000000185 264.2499999999047
33.800000000001845 264.39999999990454
33.82000000000184 264.5599999999044
33.84000000000184 264.71999999990425
33.86000000000183 264.8699999999041
33.88000000000183 265.02999999990396
33.900000000001825 265.1899999999038
33.92000000000182 265.3399999999037
33.94000000000182 265.49999999990354
33.96000000000181 265.6599999999034
33.98000000000181 265.80999999990325
34.000000000001805 265.9699999999031
34.0200000000018 266.12999999990296
34.0400000000018 266.2799999999028
34.06000000000179 266.4399999999027
34.08000000000179 266.59999999990254
34.100000000001785 266.7499999999024
34.12000000000178 266.90999999990225
34.14000000000178 267.0699999999021
34.16000000000177 267.219999999902
34.18000000000177 267.3799999999018
34.200000000001765 267.5299999999017
34.22000000000176 267.68999999990154
34.24000000000176 267.8499999999014
34.26000000000175 267.99999999990126
34.28000000000175 268.1599999999011
34.300000000001745 268.319999999901
34.32000000000174 268.46999999990084
34.34000000000174 268.6299999999007
34.36000000000173 268.78999999990054
34.38000000000173 268.9399999999004
34.400000000001725 269.09999999990026
34.42000000000172 269.2599999999001
34.44000000000172 269.4099999999
34.46000000000171 269.56999999989984
34.48000000000171 269.7299999998997
34.500000000001705 269.87999999989955
34.5200000000017 270.0399999998994
34.5400000000017 270.19999999989926
34.56000000000169 270.3499999998991
34.58000000000169 270.509999999899
34.600000000001685 270.65999999989884
34.62000000000168 270.8199999998987
34.64000000000168 270.97999999989855
34.66000000000167 271.1299999998984
34.68000000000167 271.28999999989827
34.700000000001666 271.4499999998981
34.72000000000166 271.599999999898
34.74000000000166 271.75999999989784
34.760000000001654 271.9199999998977
34.78000000000165 272.06999999989756
34.800000000001646 272.2299999998974
34.82000000000164 272.38999999989727
34.84000000000164 272.53999999989713
34.860000000001634 272.699999999897
34.88000000000163 272.85999999989684
34.900000000001626 273.0099999998967
34.92000000000162 273.16999999989656
34.94000000000162 273.3299999998964
34.960000000001614 273.4799999998963
34.98000000000161 273.63999999989613
35.000000000001606 273.799999999896
35.0200000000016 273.94999999989585
35.0400000000016 274.1099999998957
35.060000000001594 274.25999999989557
35.08000000000159 274.4199999998954
35.100000000001586 274.5799999998953
35.12000000000158 274.72999999989514
35.14000000000158 274.889999999895
35.160000000001574 275.04999999989485
35.18000000000157 275.1999999998947
35.200000000001566 275.35999999989457
35.22000000000156 275.5199999998944
35.24000000000156 275.6699999998943
35.260000000001554 275.82999999989414
35.28000000000155 275.989999999894
35.300000000001546 276.13999999989386
35.32000000000154 276.2999999998937
35.34000000000154 276.45999999989357
35.360000000001534 276.60999999989343
35.38000000000153 276.7699999998933
35.400000000001526 276.92999999989314
35.42000000000152 277.079999999893
35.44000000000152 277.23999999989286
35.460000000001514 277.3899999998927
35.48000000000151 277.5499999998926
35.500000000001506 277.70999999989243
35.5200000000015 277.8599999998923
35.5400000000015 278.01999999989215
35.560000000001494 278.179999999892
35.58000000000149 278.32999999989187
35.60000000000149 278.4899999998917
35.62000000000148 278.6499999998916
35.64000000000148 278.79999999989144
35.660000000001475 278.9599999998913
35.68000000000147 279.11999999989115
35.70000000000147 279.269999999891
35.72000000000146 279.42999999989087
35.74000000000146 279.5899999998907
35.760000000001455 279.7399999998906
35.78000000000145 279.89999999989044
35.80000000000145 280.0599999998903
35.82000000000144 280.20999999989016
35.84000000000144 280.36999999989
35.860000000001435 280.5199999998899
35.88000000000143 280.67999999988973
35.90000000000143 280.8399999998896
35.92000000000142 280.98999999988945
35.94000000000142 281.1499999998893
35.960000000001415 281.30999999988916
35.98000000000141 281.459999999889
36.00000000000141 281.6199999998889
36.0200000000014 281.77999999988873
36.0400000000014 281.9299999998886
36.060000000001395 282.08999999988845
36.08000000000139 282.2499999998883
36.10000000000139 282.39999999988817
36.12000000000138 282.559999999888
36.14000000000138 282.7199999998879
36.160000000001375 282.86999999988774
36.18000000000137 283.0299999998876
36.20000000000137 283.18999999988745
36.22000000000136 283.3399999998873
36.24000000000136 283.49999999988717
36.260000000001355 283.64999999988703
36.28000000000135 283.8099999998869
36.30000000000135 283.96999999988674
36.32000000000134 284.1199999998866
36.34000000000134 284.27999999988646
36.360000000001335 284.4399999998863
36.38000000000133 284.5899999998862
36.40000000000133 284.74999999988603
36.42000000000132 284.9099999998859
36.44000000000132 285.05999999988575
36.460000000001315 285.2199999998856
36.48000000000131 285.37999999988546
36.50000000000131 285.5299999998853
36.5200000000013 285.6899999998852
36.5400000000013 285.84999999988503
36.560000000001295 285.9999999998849
36.58000000000129 286.15999999988475
36.60000000000129 286.3199999998846
36.62000000000128 286.46999999988446
36.64000000000128 286.6299999998843
36.660000000001276 286.7799999998842
36.68000000000127 286.93999999988404
36.70000000000127 287.0999999998839
36.720000000001264 287.24999999988376
36.74000000000126 287.4099999998836
36.760000000001256 287.56999999988346
36.78000000000125 287.7199999998833
36.80000000000125 287.8799999998832
36.820000000001244 288.03999999988304
36.84000000000124 288.1899999998829
36.860000000001236 288.34999999988275
36.88000000000123 288.5099999998826
36.90000000000123 288.6599999998825
36.920000000001224 288.8199999998823
36.94000000000122 288.9799999998822
36.960000000001216 289.12999999988205
36.98000000000121 289.2899999998819
37.00000000000121 289.44999999988175
37.020000000001204 289.5999999998816
37.0400000000012 289.7599999998815
37.060000000001196 289.90999999988134
37.08000000000119 290.0699999998812
37.10000000000119 290.22999999988104
37.120000000001184 290.3799999998809
37.14000000000118 290.53999999988076
37.160000000001176 290.6999999998806
37.18000000000117 290.8499999998805
37.20000000000117 291.00999999988034
37.220000000001164 291.1699999998802
37.24000000000116 291.31999999988005
37.260000000001156 291.4799999998799
37.28000000000115 291.63999999987976
37.30000000000115 291.7899999998796
37.320000000001144 291.9499999998795
37.34000000000114 292.10999999987934
37.360000000001136 292.2599999998792
37.38000000000113 292.41999999987905
37.40000000000113 292.5799999998789
37.420000000001124 292.72999999987877
37.44000000000112 292.8899999998786
37.460000000001116 293.0399999998785
37.48000000000111 293.19999999987834
37.50000000000111 293.3599999998782
37.520000000001104 293.50999999987806
37.5400000000011 293.6699999998779
37.5600000000011 293.82999999987777
37.58000000000109 293.97999999987763
37.60000000000109 294.1399999998775
37.620000000001085 294.29999999987734
37.64000000000108 294.4499999998772
37.66000000000108 294.60999999987706
37.68000000000107 294.7699999998769
37.70000000000107 294.9199999998768
37.720000000001065 295.07999999987663
37.74000000000106 295.2399999998765
37.76000000000106 295.38999999987635
37.78000000000105 295.5499999998762
37.80000000000105 295.70999999987606
37.820000000001045 295.8599999998759
37.84000000000104 296.0199999998758
37.86000000000104 296.16999999987564
37.88000000000103 296.3299999998755
37.90000000000103 296.48999999987535
37.920000000001025 296.6399999998752
37.94000000000102 296.79999999987507
37.96000000000102 296.9599999998749
37.98000000000101 297.1099999998748
38.00000000000101 297.26999999987464
38.020000000001005 297.4299999998745
38.040000000001 297.57999999987436
38.060000000001 297.7399999998742
38.08000000000099 297.89999999987407
38.10000000000099 298.04999999987393
38.120000000000985 298.2099999998738
38.14000000000098 298.36999999987364
38.16000000000098 298.5199999998735
38.18000000000097 298.67999999987336
38.20000000000097 298.8399999998732
38.220000000000965 298.9899999998731
38.24000000000096 299.14999999987293
38.26000000000096 299.2999999998728
38.28000000000095 299.45999999987265
38.30000000000095 299.6199999998725
38.320000000000945 299.76999999987237
38.34000000000094 299.9299999998722
38.36000000000094 300.0899999998721
38.38000000000093 300.23999999987194
38.40000000000093 300.3999999998718
38.420000000000925 300.55999999987165
38.44000000000092 300.7099999998715
38.46000000000092 300.86999999987137
38.48000000000091 301.0299999998712
38.50000000000091 301.1799999998711
38.520000000000906 301.33999999987094
38.5400000000009 301.4999999998708
38.5600000000009 301.64999999987066
38.580000000000894 301.8099999998705
38.60000000000089 301.96999999987037
38.620000000000886 302.11999999987023
38.64000000000088 302.2799999998701
38.66000000000088 302.42999999986995
38.680000000000874 302.5899999998698
38.70000000000087 302.74999999986966
38.720000000000866 302.8999999998695
38.74000000000086 303.0599999998694
38.76000000000086 303.21999999986923
38.780000000000854 303.3699999998691
38.80000000000085 303.52999999986895
38.820000000000846 303.6899999998688
38.84000000000084 303.83999999986867
38.86000000000084 303.9999999998685
38.880000000000834 304.1599999998684
38.90000000000083 304.30999999986824
38.920000000000826 304.4699999998681
38.94000000000082 304.62999999986795
38.96000000000082 304.7799999998678
38.980000000000814 304.93999999986767
39.00000000000081 305.0999999998675
39.020000000000806 305.2499999998674
39.0400000000008 305.40999999986724
39.0600000000008 305.5599999998671
39.080000000000794 305.71999999986696
39.10000000000079 305.8799999998668
39.120000000000786 306.0299999998667
39.14000000000078 306.18999999986653
39.16000000000078 306.3499999998664
39.180000000000774 306.49999999986625
39.20000000000077 306.6599999998661
39.220000000000766 306.81999999986596
39.24000000000076 306.9699999998658
39.26000000000076 307.1299999998657
39.280000000000754 307.28999999986553
39.30000000000075 307.4399999998654
39.320000000000746 307.59999999986525
39.34000000000074 307.7599999998651
39.36000000000074 307.90999999986497
39.380000000000734 308.0699999998648
39.40000000000073 308.2299999998647
39.42000000000073 308.37999999986454
39.44000000000072 308.5399999998644
39.46000000000072 308.68999999986426
39.480000000000715 308.8499999998641
39.50000000000071 309.00999999986396
39.52000000000071 309.1599999998638
39.5400000000007 309.3199999998637
39.5600000000007 309.47999999986354
39.580000000000695 309.6299999998634
39.60000000000069 309.78999999986326
39.62000000000069 309.9499999998631
39.64000000000068 310.099999999863
39.66000000000068 310.2599999998628
39.680000000000675 310.4199999998627
39.70000000000067 310.56999999986255
39.72000000000067 310.7299999998624
39.74000000000066 310.88999999986225
39.76000000000066 311.0399999998621
39.780000000000655 311.199999999862
39.80000000000065 311.3599999998618
39.82000000000065 311.5099999998617
39.84000000000064 311.66999999986155
39.86000000000064 311.8199999998614
39.880000000000635 311.97999999986126
39.90000000000063 312.1399999998611
39.92000000000063 312.289999999861
39.94000000000062 312.44999999986084
39.96000000000062 312.6099999998607
39.980000000000615 312.75999999986055
40.00000000000061 312.9199999998604
40.02000000000061 313.07999999986026
40.0400000000006 313.2299999998601
40.0600000000006 313.38999999986
40.080000000000595 313.54999999985984
40.10000000000059 313.6999999998597
40.12000000000059 313.85999999985955
40.14000000000058 314.0199999998594
40.16000000000058 314.1699999998593
40.180000000000575 314.3299999998591
40.20000000000057 314.489999999859
40.22000000000057 314.63999999985884
40.24000000000056 314.7999999998587
40.26000000000056 314.94999999985856
40.280000000000555 315.1099999998584
40.30000000000055 315.26999999985827
40.32000000000055 315.41999999985813
40.34000000000054 315.579999999858
40.36000000000054 315.73999999985784
40.380000000000535 315.8899999998577
40.40000000000053 316.04999999985756
40.42000000000053 316.2099999998574
40.44000000000052 316.3599999998573
40.46000000000052 316.51999999985713
40.480000000000516 316.679999999857
40.50000000000051 316.82999999985685
40.52000000000051 316.9899999998567
40.540000000000504 317.14999999985656
40.5600000000005 317.2999999998564
40.580000000000496 317.4599999998563
40.60000000000049 317.61999999985613
40.62000000000049 317.769999999856
40.640000000000484 317.92999999985585
40.66000000000048 318.0799999998557
40.680000000000476 318.23999999985557
40.70000000000047 318.3999999998554
40.72000000000047 318.5499999998553
40.740000000000464 318.70999999985514
40.76000000000046 318.869999999855
40.780000000000456 319.01999999985486
40.80000000000045 319.1799999998547
40.82000000000045 319.33999999985457
40.840000000000444 319.48999999985443
40.86000000000044 319.6499999998543
40.880000000000436 319.80999999985414
40.90000000000043 319.959999999854
40.92000000000043 320.11999999985386
40.940000000000424 320.2799999998537
40.96000000000042 320.4299999998536
40.980000000000416 320.58999999985343
41.00000000000041 320.7499999998533
41.02000000000041 320.89999999985315
41.040000000000404 321.059999999853
41.0600000000004 321.20999999985287
41.080000000000396 321.3699999998527
41.10000000000039 321.5299999998526
41.12000000000039 321.67999999985244
41.140000000000384 321.8399999998523
41.16000000000038 321.99999999985215
41.180000000000376 322.149999999852
41.20000000000037 322.30999999985187
41.22000000000037 322.4699999998517
41.240000000000364 322.6199999998516
41.26000000000036 322.77999999985144
41.280000000000356 322.9399999998513
41.30000000000035 323.08999999985116
41.32000000000035 323.249999999851
41.340000000000344 323.40999999985087
41.36000000000034 323.55999999985073
41.38000000000034 323.7199999998506
41.40000000000033 323.87999999985044
41.42000000000033 324.0299999998503
41.440000000000325 324.18999999985016
41.46000000000032 324.33999999985
41.48000000000032 324.4999999998499
41.50000000000031 324.65999999984973
41.52000000000031 324.8099999998496
41.540000000000305 324.96999999984945
41.5600000000003 325.1299999998493
41.5800000000003 325.27999999984917
41.60000000000029 325.439999999849
41.62000000000029 325.5999999998489
41.640000000000285 325.74999999984874
41.66000000000028 325.9099999998486
41.68000000000028 326.06999999984845
41.70000000000027 326.2199999998483
41.72000000000027 326.37999999984817
41.740000000000265 326.539999999848
41.76000000000026 326.6899999998479
41.78000000000026 326.84999999984774
41.80000000000025 327.0099999998476
41.82000000000025 327.15999999984746
41.840000000000245 327.3199999998473
41.86000000000024 327.4699999998472
41.88000000000024 327.62999999984703
41.90000000000023 327.7899999998469
41.92000000000023 327.93999999984675
41.940000000000225 328.0999999998466
41.96000000000022 328.25999999984646
41.98000000000022 328.4099999998463
42.00000000000021 328.5699999998462
42.02000000000021 328.72999999984603
42.040000000000205 328.8799999998459
42.0600000000002 329.03999999984575
42.0800000000002 329.1999999998456
42.10000000000019 329.34999999984547
42.12000000000019 329.5099999998453
42.140000000000185 329.6699999998452
42.16000000000018 329.81999999984504
42.18000000000018 329.9799999998449
42.20000000000017 330.13999999984475
42.22000000000017 330.2899999998446
42.240000000000165 330.44999999984447
42.26000000000016 330.59999999984433
42.28000000000016 330.7599999998442
42.30000000000015 330.91999999984404
42.32000000000015 331.0699999998439
42.340000000000146 331.22999999984376
42.36000000000014 331.3899999998436
42.38000000000014 331.5399999998435
42.400000000000134 331.6999999998433
42.42000000000013 331.8599999998432
42.440000000000126 332.00999999984305
42.46000000000012 332.1699999998429
42.48000000000012 332.32999999984276
42.500000000000114 332.4799999998426
42.52000000000011 332.6399999998425
42.540000000000106 332.7999999998423
42.5600000000001 332.9499999998422
42.5800000000001 333.10999999984205
42.600000000000094 333.2699999998419
42.62000000000009 333.41999999984176
42.640000000000086 333.5799999998416
42.66000000000008 333.7299999998415
42.68000000000008 333.88999999984134
42.700000000000074 334.0499999998412
42.72000000000007 334.19999999984105
42.740000000000066 334.3599999998409
42.76000000000006 334.51999999984076
42.78000000000006 334.6699999998406
42.800000000000054 334.8299999998405
42.82000000000005 334.98999999984034
42.840000000000046 335.1399999998402
42.86000000000004 335.29999999984005
42.88000000000004 335.4599999998399
42.900000000000034 335.6099999998398
42.92000000000003 335.7699999998396
42.940000000000026 335.9299999998395
42.96000000000002 336.07999999983934
42.98000000000002 336.2399999998392
43.000000000000014 336.39999999983905
43.02000000000001 336.5499999998389
43.040000000000006 336.7099999998388
43.06 336.85999999983864
43.08 337.0199999998385
43.099999999999994 337.17999999983834
43.11999999999999 337.3299999998382
43.139999999999986 337.48999999983806
43.15999999999998 337.6499999998379
43.17999999999998 337.7999999998378
43.199999999999974 337.95999999983763
43.21999999999997 338.1199999998375
43.23999999999997 338.26999999983735
43.25999999999996 338.4299999998372
43.27999999999996 338.58999999983706
43.299999999999955 338.7399999998369
43.31999999999995 338.8999999998368
43.33999999999995 339.05999999983663
43.35999999999994 339.2099999998365
43.37999999999994 339.36999999983635
43.399999999999935 339.5299999998362
43.41999999999993 339.67999999983607
43.43999999999993 339.8399999998359
43.45999999999992 339.9899999998358
43.47999999999992 340.14999999983564
43.499999999999915 340.3099999998355
43.51999999999991 340.45999999983536
43.53999999999991 340.6199999998352
43.5599999999999 340.77999999983507
43.5799999999999 340.92999999983493
43.599999999999895 341.0899999998348
43.61999999999989 341.24999999983464
43.63999999999989 341.3999999998345
43.65999999999988 341.55999999983436
43.67999999999988 341.7199999998342
43.699999999999875 341.8699999998341
43.71999999999987 342.02999999983393
43.73999999999987 342.1899999998338
43.75999999999986 342.33999999983365
43.77999999999986 342.4999999998335
43.799999999999855 342.64999999983337
43.81999999999985 342.8099999998332
43.83999999999985 342.9699999998331
43.85999999999984 343.11999999983294
43.87999999999984 343.2799999998328
43.899999999999835 343.43999999983265
43.91999999999983 343.5899999998325
43.93999999999983 343.74999999983237
43.95999999999982 343.9099999998322
43.97999999999982 344.0599999998321
43.999999999999815 344.21999999983194
44.01999999999981 344.3799999998318
44.03999999999981 344.52999999983166
44.0599999999998 344.6899999998315
44.0799999999998 344.84999999983137
44.099999999999795 344.99999999983123
44.11999999999979 345.1599999998311
44.13999999999979 345.31999999983094
44.15999999999978 345.4699999998308
44.17999999999978 345.62999999983066
44.199999999999775 345.7799999998305
44.21999999999977 345.9399999998304
44.23999999999977 346.09999999983023
44.25999999999976 346.2499999998301
44.27999999999976 346.40999999982995
44.299999999999756 346.5699999998298
44.31999999999975 346.71999999982967
44.33999999999975 346.8799999998295
44.359999999999744 347.0399999998294
44.37999999999974 347.18999999982924
44.399999999999736 347.3499999998291
44.41999999999973 347.50999999982895
44.43999999999973 347.6599999998288
44.459999999999724 347.81999999982867
44.47999999999972 347.9799999998285
44.499999999999716 348.1299999998284
44.51999999999971 348.28999999982824
44.53999999999971 348.4499999998281
44.559999999999704 348.59999999982796
44.5799999999997 348.7599999998278
44.599999999999696 348.9099999998277
44.61999999999969 349.06999999982753
44.63999999999969 349.2299999998274
44.659999999999684 349.37999999982725
44.67999999999968 349.5399999998271
44.699999999999676 349.69999999982696
44.71999999999967 349.8499999998268
44.73999999999967 350.0099999998267
44.759999999999664 350.16999999982653
44.77999999999966 350.3199999998264
44.799999999999656 350.47999999982625
44.81999999999965 350.6399999998261
44.83999999999965 350.78999999982597
44.859999999999644 350.9499999998258
44.87999999999964 351.1099999998257
44.899999999999636 351.25999999982554
44.91999999999963 351.4199999998254
44.93999999999963 351.57999999982525
44.959999999999624 351.7299999998251
44.97999999999962 351.88999999982497
44.999999999999616 352.03999999982483
45.01999999999961 352.1999999998247
45.03999999999961 352.35999999982454
45.059999999999604 352.5099999998244
45.0799999999996 352.66999999982426
45.099999999999596 352.8299999998241
45.11999999999959 352.979999999824
45.13999999999959 353.13999999982383
45.159999999999584 353.2999999998237
45.17999999999958 353.44999999982355
45.19999999999958 353.6099999998234
45.21999999999957 353.76999999982326
45.23999999999957 353.9199999998231
45.259999999999565 354.079999999823
45.27999999999956 354.2399999998228
45.29999999999956 354.3899999998227
45.31999999999955 354.54999999982255
45.33999999999955 354.7099999998224
45.359999999999545 354.85999999982226
45.37999999999954 355.0199999998221
45.39999999999954 355.169999999822
45.41999999999953 355.32999999982184
45.43999999999953 355.4899999998217
45.459999999999525 355.63999999982155
45.47999999999952 355.7999999998214
45.49999999999952 355.95999999982126
45.51999999999951 356.1099999998211
45.53999999999951 356.269999999821
45.559999999999505 356.42999999982084
45.5799999999995 356.5799999998207
45.5999999999995 356.73999999982055
45.61999999999949 356.8999999998204
45.63999999999949 357.0499999998203
45.659999999999485 357.2099999998201
45.67999999999948 357.36999999982
45.69999999999948 357.51999999981985
45.71999999999947 357.6799999998197
45.73999999999947 357.83999999981955
45.759999999999465 357.9899999998194
45.77999999999946 358.1499999998193
45.79999999999946 358.29999999981914
45.81999999999945 358.459999999819
45.83999999999945 358.61999999981884
45.859999999999445 358.7699999998187
45.87999999999944 358.92999999981856
45.89999999999944 359.0899999998184
45.91999999999943 359.2399999998183
45.93999999999943 359.39999999981814
45.959999999999425 359.559999999818
45.97999999999942 359.70999999981785
45.99999999999942 359.8699999998177
46.01999999999941 360.02999999981756
46.03999999999941 360.1799999998174
46.059999999999405 360.3399999998173
46.0799999999994 360.49999999981713
46.0999999999994 360.649999999817
46.11999999999939 360.80999999981685
46.13999999999939 360.9599999998167
46.159999999999386 361.11999999981657
46.17999999999938 361.2799999998164
46.19999999999938 361.4299999998163
46.219999999999374 361.58999999981614
46.23999999999937 361.749999999816
46.259999999999366 361.89999999981586
46.27999999999936 362.0599999998157
46.29999999999936 362.21999999981557
46.319999999999354 362.36999999981543
46.33999999999935 362.5299999998153
46.359999999999346 362.68999999981514
46.37999999999934 362.839999999815
46.39999999999934 362.99999999981486
46.419999999999334 363.1599999998147
46.43999999999933 363.3099999998146
46.459999999999326 363.46999999981443
46.47999999999932 363.6299999998143
46.49999999999932 363.77999999981415
46.519999999999314 363.939999999814
46.53999999999931 364.08999999981387
46.559999999999306 364.2499999998137
46.5799999999993 364.4099999998136
46.5999999999993 364.55999999981344
46.619999999999294 364.7199999998133
46.63999999999929 364.87999999981315
46.659999999999286 365.029999999813
46.67999999999928 365.18999999981287
46.69999999999928 365.3499999998127
46.719999999999274 365.4999999998126
46.73999999999927 365.65999999981244
46.759999999999266 365.8199999998123
46.77999999999926 365.96999999981216
46.79999999999926 366.129999999812
46.819999999999254 366.28999999981187
46.83999999999925 366.43999999981173
46.859999999999246 366.5999999998116
46.87999999999924 366.75999999981144
46.89999999999924 366.9099999998113
46.919999999999234 367.06999999981116
46.93999999999923 367.219999999811
46.959999999999226 367.3799999998109
46.97999999999922 367.53999999981073
46.99999999999922 367.6899999998106
47.019999999999214 367.84999999981045
47.03999999999921 368.0099999998103
47.05999999999921 368.15999999981017
47.0799999999992 368.31999999981
47.0999999999992 368.4799999998099
47.119999999999195 368.62999999980974
47.13999999999919 368.7899999998096
47.15999999999919 368.94999999980945
47.17999999999918 369.0999999998093
47.19999999999918 369.25999999980917
47.219999999999175 369.419999999809
47.23999999999917 369.5699999998089
47.25999999999917 369.72999999980874
47.27999999999916 369.8899999998086
47.29999999999916 370.03999999980846
47.319999999999155 370.1999999998083
47.33999999999915 370.3499999998082
47.35999999999915 370.50999999980803
47.37999999999914 370.6699999998079
47.39999999999914 370.81999999980775
47.419999999999135 370.9799999998076
47.43999999999913 371.13999999980746
47.45999999999913 371.2899999998073
47.47999999999912 371.4499999998072
47.49999999999912 371.60999999980703
47.519999999999115 371.7599999998069
47.53999999999911 371.91999999980675
47.55999999999911 372.0799999998066
47.5799999999991 372.22999999980647
47.5999999999991 372.3899999998063
47.619999999999095 372.5499999998062
47.63999999999909 372.69999999980604
47.65999999999909 372.8599999998059
47.67999999999908 373.00999999980576
47.69999999999908 373.1699999998056
47.719999999999075 373.32999999980547
47.73999999999907 373.47999999980533
47.75999999999907 373.6399999998052
47.77999999999906 373.79999999980504
47.79999999999906 373.9499999998049
47.819999999999055 374.10999999980476
47.83999999999905 374.2699999998046
47.85999999999905 374.4199999998045
47.87999999999904 374.57999999980433
47.89999999999904 374.7399999998042
47.919999999999035 374.88999999980405
47.93999999999903 375.0499999998039
47.95999999999903 375.20999999980376
47.97999999999902 375.3599999998036
47.99999999999902 375.5199999998035
48.019999999999015 375.67999999980333
48.03999999999901 375.8299999998032
48.05999999999901 375.98999999980305
48.079999999999 376.1399999998029
48.099999999999 376.29999999980276
48.119999999998996 376.4599999998026
48.13999999999899 376.6099999998025
48.15999999999899 376.76999999980234
48.179999999998984 376.9299999998022
48.19999999999898 377.07999999980206
48.219999999998976 377.2399999998019
48.23999999999897 377.39999999980176
48.25999999999897 377.5499999998016
48.279999999998964 377.7099999998015
48.29999999999896 377.86999999980134
48.319999999998956 378.0199999998012
48.33999999999895 378.17999999980105
48.35999999999895 378.3399999998009
48.379999999998944 378.4899999998008
48.39999999999894 378.6499999998006
48.419999999998936 378.8099999998005
48.43999999999893 378.95999999980035
48.45999999999893 379.1199999998002
48.479999999998924 379.26999999980006
48.49999999999892 379.4299999997999
48.519999999998916 379.5899999997998
48.53999999999891 379.73999999979964
48.55999999999891 379.8999999997995
48.579999999998904 380.05999999979935
48.5999999999989 380.2099999997992
48.619999999998896 380.36999999979906
48.63999999999889 380.5299999997989
48.65999999999889 380.6799999997988
48.679999999998884 380.83999999979864
48.69999999999888 380.9999999997985
48.719999999998876 381.14999999979835
48.73999999999887 381.3099999997982
48.75999999999887 381.46999999979806
48.779999999998864 381.6199999997979
48.79999999999886 381.7799999997978
48.819999999998856 381.93999999979764
48.83999999999885 382.0899999997975
48.85999999999885 382.24999999979735
48.879999999998844 382.3999999997972
48.89999999999884 382.55999999979707
48.919999999998836 382.7199999997969
48.93999999999883 382.8699999997968
48.95999999999883 383.02999999979664
48.979999999998824 383.1899999997965
48.99999999999882 383.33999999979636
49.01999999999882 383.4999999997962
49.03999999999881 383.65999999979607
49.05999999999881 383.80999999979593
49.079999999998805 383.9699999997958
49.0999999999988 384.12999999979564
49.1199999999988 384.2799999997955
49.13999999999879 384.43999999979536
49.15999999999879 384.5999999997952
49.179999999998785 384.7499999997951
49.19999999999878 384.90999999979493
49.21999999999878 385.0599999997948
49.23999999999877 385.21999999979465
49.25999999999877 385.3799999997945
49.279999999998765 385.52999999979437
49.29999999999876 385.6899999997942
49.31999999999876 385.8499999997941
49.33999999999875 385.99999999979394
49.35999999999875 386.1599999997938
49.379999999998745 386.31999999979365
49.39999999999874 386.4699999997935
49.41999999999874 386.62999999979337
49.43999999999873 386.7899999997932
49.45999999999873 386.9399999997931
49.479999999998725 387.09999999979294
49.49999999999872 387.2599999997928
49.51999999999872 387.40999999979266
49.53999999999871 387.5699999997925
49.55999999999871 387.72999999979237
49.579999999998705 387.87999999979223
49.5999999999987 388.0399999997921
49.6199999999987 388.18999999979195
49.63999999999869 388.3499999997918
49.65999999999869 388.50999999979166
49.679999999998685 388.6599999997915
49.69999999999868 388.8199999997914
49.71999999999868 388.97999999979123
49.73999999999867 389.1299999997911
49.75999999999867 389.28999999979095
49.779999999998665 389.4499999997908
49.79999999999866 389.59999999979067
49.81999999999866 389.7599999997905
49.83999999999865 389.9199999997904
49.85999999999865 390.06999999979024
49.879999999998645 390.2299999997901
49.89999999999864 390.38999999978995
49.91999999999864 390.5399999997898
49.93999999999863 390.69999999978967
49.95999999999863 390.8599999997895
49.979999999998626 391.0099999997894
49.99999999999862 391.16999999978924
