0.02 147.9800000002292
0.04 72.77000000021913
0.060000000000000005 47.78000000021787
0.08 35.330000000220345
0.09999999999999999 28.970000000220534
0.11999999999999998 22.960000000219594
0.13999999999999999 19.840000000219106
0.16 16.840000000218637
0.18000000000000002 16.47000000021858
0.20000000000000004 13.750000000218554
0.22000000000000006 13.46000000021856
0.24000000000000007 10.850000000218616
0.26000000000000006 10.730000000218618
0.2800000000000001 10.540000000218622
0.3000000000000001 10.140000000218631
0.3200000000000001 7.9600000002186775
0.34000000000000014 7.9100000002186786
0.36000000000000015 7.85000000021868
0.38000000000000017 7.760000000218682
0.4000000000000002 7.610000000218685
0.4200000000000002 7.37000000021869
0.4400000000000002 5.2400000002187355
0.46000000000000024 5.260000000218735
0.48000000000000026 5.280000000218735
0.5000000000000002 5.290000000218734
0.5200000000000002 5.300000000218734
0.5400000000000003 5.300000000218734
0.5600000000000003 5.290000000218734
0.5800000000000003 5.270000000218735
0.6 5.229999999999606
0.62 5.179999999999607
0.64 5.089999999999609
0.66 4.959999999999612
0.68 4.729999999999617
0.7000000000000001 2.8999999999996557
0.7200000000000001 2.989999999999654
0.7400000000000001 3.079999999999652
0.7600000000000001 3.1799999999996498
0.7800000000000001 3.2799999999996476
0.8000000000000002 3.3899999999996453
0.8200000000000002 3.499999999999643
0.8400000000000002 3.62999999999964
0.8600000000000002 3.7499999999996376
0.8800000000000002 3.879999999999635
0.9000000000000002 4.019999999999632
0.9200000000000003 4.159999999999629
0.9400000000000003 4.299999999999626
0.9600000000000003 4.449999999999623
0.9800000000000003 4.5999999999996195
1.0 4.739999999999943
1.02 4.88999999999994
1.04 5.039999999999937
1.06 5.189999999999934
1.08 5.339999999999931
1.1 5.489999999999927
1.12 5.629999999999924
1.1400000000000001 5.779999999999921
1.1600000000000001 5.919999999999918
1.1800000000000002 6.069999999999915
1.2000000000000002 6.209999999999912
1.2200000000000002 6.349999999999909
1.2400000000000002 6.489999999999906
1.2600000000000002 6.629999999999903
1.2800000000000002 6.7699999999999
1.3000000000000003 6.909999999999897
1.3200000000000003 7.049999999999894
1.3400000000000003 7.179999999999891
1.3600000000000003 7.319999999999888
1.3800000000000003 7.449999999999886
1.4000000000000004 7.589999999999883
1.4200000000000004 7.71999999999988
1.4400000000000004 7.849999999999877
1.4600000000000004 7.989999999999874
1.4800000000000004 8.119999999999871
1.5000000000000004 8.249999999999869
1.5200000000000005 8.379999999999866
1.5400000000000005 8.509999999999863
1.5600000000000005 8.63999999999986
1.5800000000000005 8.769999999999857
1.6000000000000005 8.899999999999855
1.6200000000000006 9.029999999999852
1.6400000000000006 9.15999999999985
1.6600000000000006 9.289999999999846
1.6800000000000006 9.419999999999844
1.7000000000000006 9.54999999999984
1.7200000000000006 9.679999999999838
1.7400000000000007 9.809999999999835
1.7600000000000007 9.929999999999833
1.7800000000000007 10.05999999999983
1.8000000000000007 10.189999999999827
1.8200000000000007 10.319999999999824
1.8400000000000007 10.439999999999822
1.8600000000000008 10.569999999999819
1.8800000000000008 10.699999999999816
1.9000000000000008 10.819999999999814
1.9200000000000008 10.949999999999811
1.9400000000000008 11.079999999999808
1.9600000000000009 11.199999999999806
1.9800000000000009 11.329999999999803
2.000000000000001 11.4499999999998
2.0200000000000005 11.579999999999798
2.04 11.699999999999795
2.0599999999999996 11.829999999999792
2.079999999999999 11.94999999999979
2.0999999999999988 12.079999999999787
2.1199999999999983 12.199999999999784
2.139999999999998 12.329999999999782
2.1599999999999975 12.449999999999779
2.179999999999997 12.579999999999776
2.1999999999999966 12.699999999999774
2.219999999999996 12.829999999999771
2.2399999999999958 12.949999999999768
2.2599999999999953 13.079999999999766
2.279999999999995 13.199999999999763
2.2999999999999945 13.32999999999976
2.319999999999994 13.449999999999758
2.3399999999999936 13.569999999999755
2.359999999999993 13.699999999999752
2.379999999999993 13.81999999999975
2.3999999999999924 13.939999999999747
2.419999999999992 14.069999999999744
2.4399999999999915 14.189999999999742
2.459999999999991 14.31999999999974
2.4799999999999907 14.439999999999737
2.4999999999999902 14.559999999999734
2.51999999999999 14.689999999999731
2.5399999999999894 14.809999999999729
2.559999999999989 14.929999999999726
2.5799999999999885 15.049999999999724
2.599999999999988 15.17999999999972
2.6199999999999877 15.299999999999718
2.6399999999999872 15.419999999999716
2.659999999999987 15.549999999999713
2.6799999999999864 15.66999999999971
2.699999999999986 15.789999999999708
2.7199999999999855 15.919999999999705
2.739999999999985 16.039999999999708
2.7599999999999847 16.159999999999727
2.7799999999999843 16.279999999999745
2.799999999999984 16.409999999999766
2.8199999999999834 16.529999999999784
2.839999999999983 16.649999999999803
2.8599999999999826 16.769999999999822
2.879999999999982 16.899999999999842
2.8999999999999817 17.01999999999986
2.9199999999999813 17.13999999999988
2.939999999999981 17.2599999999999
2.9599999999999804 17.38999999999992
2.97999999999998 17.509999999999938
2.9999999999999796 17.629999999999956
3.019999999999979 17.749999999999975
3.0399999999999787 17.869999999999994
3.0599999999999783 18.000000000000014
3.079999999999978 18.120000000000033
3.0999999999999774 18.24000000000005
3.119999999999977 18.36000000000007
3.1399999999999766 18.48000000000009
3.159999999999976 18.61000000000011
3.1799999999999757 18.73000000000013
3.1999999999999753 18.850000000000147
3.219999999999975 18.970000000000166
3.2399999999999745 19.090000000000185
3.259999999999974 19.220000000000205
3.2799999999999736 19.340000000000224
3.299999999999973 19.460000000000242
3.3199999999999728 19.58000000000026
3.3399999999999723 19.70000000000028
3.359999999999972 19.8200000000003
3.3799999999999715 19.95000000000032
3.399999999999971 20.070000000000338
3.4199999999999706 20.190000000000357
3.43999999999997 20.310000000000375
3.4599999999999698 20.430000000000394
3.4799999999999693 20.550000000000413
3.499999999999969 20.680000000000433
3.5199999999999685 20.800000000000452
3.539999999999968 20.92000000000047
3.5599999999999676 21.04000000000049
3.579999999999967 21.160000000000508
3.599999999999967 21.280000000000527
3.6199999999999664 21.400000000000546
3.639999999999966 21.530000000000566
3.6599999999999655 21.650000000000585
3.679999999999965 21.770000000000604
3.6999999999999647 21.890000000000622
3.7199999999999642 22.01000000000064
3.739999999999964 22.13000000000066
3.7599999999999634 22.25000000000068
3.779999999999963 22.3800000000007
3.7999999999999625 22.500000000000718
3.819999999999962 22.620000000000736
3.8399999999999617 22.740000000000755
3.8599999999999612 22.860000000000774
3.879999999999961 22.980000000000793
3.8999999999999604 23.10000000000081
3.91999999999996 23.22000000000083
3.9399999999999595 23.34000000000085
3.959999999999959 23.47000000000087
3.9799999999999587 23.590000000000888
3.9999999999999583 23.710000000000907
4.019999999999958 23.830000000000926
4.039999999999957 23.950000000000944
4.059999999999957 24.070000000000963
4.0799999999999566 24.190000000000982
4.099999999999956 24.310000000001
4.119999999999956 24.43000000000102
4.139999999999955 24.56000000000104
4.159999999999955 24.68000000000106
4.179999999999954 24.800000000001077
4.199999999999954 24.920000000001096
4.219999999999954 25.040000000001115
4.239999999999953 25.160000000001133
4.259999999999953 25.280000000001152
4.279999999999952 25.40000000000117
4.299999999999952 25.52000000000119
4.319999999999951 25.64000000000121
4.339999999999951 25.77000000000123
4.359999999999951 25.890000000001248
4.37999999999995 26.010000000001266
4.39999999999995 26.130000000001285
4.419999999999949 26.250000000001304
4.439999999999949 26.370000000001323
4.4599999999999485 26.49000000000134
4.479999999999948 26.61000000000136
4.499999999999948 26.73000000000138
4.519999999999947 26.850000000001398
4.539999999999947 26.970000000001416
4.559999999999946 27.100000000001437
4.579999999999946 27.220000000001455
4.5999999999999455 27.340000000001474
4.619999999999945 27.460000000001493
4.639999999999945 27.58000000000151
4.659999999999944 27.70000000000153
4.679999999999944 27.82000000000155
4.699999999999943 27.940000000001568
4.719999999999943 28.060000000001587
4.7399999999999425 28.180000000001606
4.759999999999942 28.300000000001624
4.779999999999942 28.420000000001643
4.799999999999941 28.540000000001662
4.819999999999941 28.670000000001682
4.83999999999994 28.7900000000017
4.85999999999994 28.91000000000172
4.8799999999999395 29.03000000000174
4.899999999999939 29.150000000001757
4.919999999999939 29.270000000001776
4.939999999999938 29.390000000001795
4.959999999999938 29.510000000001813
4.979999999999937 29.630000000001832
4.999999999999937 29.75000000000185
5.0199999999999365 29.87000000000187
5.039999999999936 29.99000000000189
5.059999999999936 30.110000000001907
5.079999999999935 30.230000000001926
5.099999999999935 30.350000000001945
5.119999999999934 30.470000000001964
5.139999999999934 30.600000000001984
5.1599999999999335 30.720000000002003
5.179999999999933 30.84000000000202
5.199999999999933 30.96000000000204
5.219999999999932 31.08000000000206
5.239999999999932 31.200000000002078
5.259999999999931 31.320000000002096
5.279999999999931 31.440000000002115
5.2999999999999305 31.560000000002134
5.31999999999993 31.680000000002153
5.33999999999993 31.80000000000217
5.359999999999929 31.92000000000219
5.379999999999929 32.040000000002195
5.399999999999928 32.16000000000217
5.419999999999928 32.28000000000215
5.439999999999928 32.40000000000212
5.459999999999927 32.5200000000021
5.479999999999927 32.640000000002075
5.499999999999926 32.77000000000205
5.519999999999926 32.890000000002026
5.539999999999925 33.010000000002
5.559999999999925 33.13000000000198
5.579999999999925 33.250000000001954
5.599999999999924 33.37000000000193
5.619999999999924 33.490000000001906
5.639999999999923 33.61000000000188
5.659999999999923 33.73000000000186
5.6799999999999224 33.850000000001835
5.699999999999922 33.97000000000181
5.719999999999922 34.09000000000179
5.739999999999921 34.21000000000176
5.759999999999921 34.33000000000174
5.77999999999992 34.450000000001715
5.79999999999992 34.57000000000169
5.8199999999999195 34.69000000000167
5.839999999999919 34.810000000001644
5.859999999999919 34.93000000000162
5.879999999999918 35.050000000001596
5.899999999999918 35.17000000000157
5.919999999999917 35.300000000001546
5.939999999999917 35.42000000000152
5.9599999999999165 35.5400000000015
5.979999999999916 35.660000000001475
5.999999999999916 35.78000000000145
6.019999999999915 35.90000000000143
6.039999999999915 36.0200000000014
6.059999999999914 36.14000000000138
6.079999999999914 36.260000000001355
6.0999999999999135 36.38000000000133
6.119999999999913 36.50000000000131
6.139999999999913 36.62000000000128
6.159999999999912 36.74000000000126
6.179999999999912 36.860000000001236
6.199999999999911 36.98000000000121
6.219999999999911 37.10000000000119
6.2399999999999105 37.220000000001164
6.25999999999991 37.34000000000114
6.27999999999991 37.460000000001116
6.299999999999909 37.58000000000109
6.319999999999909 37.70000000000107
6.339999999999908 37.820000000001045
6.359999999999908 37.94000000000102
6.3799999999999075 38.060000000001
6.399999999999907 38.18000000000097
6.419999999999907 38.30000000000095
6.439999999999906 38.420000000000925
6.459999999999906 38.5400000000009
6.479999999999905 38.670000000000876
6.499999999999905 38.79000000000085
6.5199999999999045 38.91000000000083
6.539999999999904 39.030000000000804
6.559999999999904 39.15000000000078
6.579999999999903 39.270000000000756
6.599999999999903 39.39000000000073
6.619999999999902 39.51000000000071
6.639999999999902 39.630000000000685
6.6599999999999016 39.75000000000066
6.679999999999901 39.87000000000064
6.699999999999901 39.99000000000061
6.7199999999999 40.11000000000059
6.7399999999999 40.230000000000565
6.759999999999899 40.35000000000054
6.779999999999899 40.47000000000052
6.799999999999899 40.590000000000494
6.819999999999898 40.71000000000047
6.839999999999898 40.830000000000446
6.859999999999897 40.95000000000042
6.879999999999897 41.0700000000004
6.899999999999896 41.190000000000374
6.919999999999896 41.31000000000035
6.939999999999896 41.43000000000033
6.959999999999895 41.5500000000003
6.979999999999895 41.67000000000028
6.999999999999894 41.790000000000255
7.019999999999894 41.91000000000023
7.0399999999998935 42.03000000000021
7.059999999999893 42.15000000000018
7.079999999999893 42.27000000000016
7.099999999999892 42.390000000000136
7.119999999999892 42.51000000000011
7.139999999999891 42.63000000000009
7.159999999999891 42.750000000000064
7.1799999999998905 42.87000000000004
7.19999999999989 42.990000000000016
7.21999999999989 43.10999999999999
7.239999999999889 43.22999999999997
7.259999999999889 43.35999999999994
7.279999999999888 43.47999999999992
7.299999999999888 43.599999999999895
7.3199999999998875 43.71999999999987
7.339999999999887 43.83999999999985
7.359999999999887 43.95999999999982
7.379999999999886 44.0799999999998
7.399999999999886 44.199999999999775
7.419999999999885 44.31999999999975
7.439999999999885 44.43999999999973
7.4599999999998845 44.559999999999704
7.479999999999884 44.67999999999968
7.499999999999884 44.799999999999656
7.519999999999883 44.91999999999963
7.539999999999883 45.03999999999961
7.559999999999882 45.159999999999584
7.579999999999882 45.27999999999956
7.5999999999998815 45.39999999999954
7.619999999999881 45.51999999999951
7.639999999999881 45.63999999999949
7.65999999999988 45.759999999999465
7.67999999999988 45.87999999999944
7.699999999999879 45.99999999999942
7.719999999999879 46.11999999999939
7.7399999999998785 46.23999999999937
7.759999999999878 46.359999999999346
7.779999999999878 46.47999999999932
7.799999999999877 46.5999999999993
7.819999999999877 46.719999999999274
7.839999999999876 46.83999999999925
7.859999999999876 46.959999999999226
7.8799999999998755 47.0799999999992
7.899999999999875 47.19999999999918
7.919999999999875 47.319999999999155
7.939999999999874 47.43999999999913
7.959999999999874 47.55999999999911
7.979999999999873 47.67999999999908
7.999999999999873 47.79999999999906
8.019999999999873 47.919999999999035
8.039999999999873 48.03999999999901
8.059999999999873 48.15999999999899
8.079999999999872 48.279999999998964
8.099999999999872 48.39999999999894
8.119999999999871 48.519999999998916
8.139999999999871 48.63999999999889
8.15999999999987 48.75999999999887
8.17999999999987 48.879999999998844
8.19999999999987 48.99999999999882
8.21999999999987 49.1199999999988
8.239999999999869 49.23999999999877
8.259999999999868 49.35999999999875
8.279999999999868 49.479999999998725
8.299999999999867 49.5999999999987
8.319999999999867 49.71999999999868
8.339999999999867 49.83999999999865
8.359999999999866 49.95999999999863
8.379999999999866 50.079999999998606
8.399999999999865 50.19999999999858
8.419999999999865 50.31999999999856
8.439999999999864 50.439999999998534
8.459999999999864 50.55999999999851
8.479999999999864 50.679999999998486
8.499999999999863 50.79999999999846
8.519999999999863 50.91999999999844
8.539999999999862 51.039999999998415
8.559999999999862 51.16999999999839
8.579999999999862 51.289999999998365
8.599999999999861 51.40999999999834
8.61999999999986 51.52999999999832
8.63999999999986 51.64999999999829
8.65999999999986 51.76999999999827
8.67999999999986 51.889999999998246
8.699999999999859 52.00999999999822
8.719999999999859 52.1299999999982
8.739999999999858 52.249999999998174
8.759999999999858 52.36999999999815
8.779999999999857 52.489999999998126
8.799999999999857 52.6099999999981
8.819999999999856 52.72999999999808
8.839999999999856 52.849999999998055
8.859999999999856 52.96999999999803
8.879999999999855 53.08999999999801
8.899999999999855 53.20999999999798
8.919999999999854 53.32999999999796
8.939999999999854 53.449999999997935
8.959999999999853 53.56999999999791
8.979999999999853 53.68999999999789
8.999999999999853 53.80999999999786
9.019999999999852 53.92999999999784
9.039999999999852 54.049999999997816
9.059999999999851 54.16999999999779
9.07999999999985 54.28999999999777
9.09999999999985 54.409999999997744
9.11999999999985 54.52999999999772
9.13999999999985 54.649999999997696
9.15999999999985 54.76999999999767
9.179999999999849 54.88999999999765
9.199999999999848 55.009999999997625
9.219999999999848 55.1299999999976
9.239999999999847 55.24999999999758
9.259999999999847 55.36999999999755
9.279999999999847 55.48999999999753
9.299999999999846 55.609999999997505
9.319999999999846 55.72999999999748
9.339999999999845 55.84999999999746
9.359999999999845 55.969999999997434
9.379999999999844 56.08999999999741
9.399999999999844 56.209999999997386
9.419999999999844 56.32999999999736
9.439999999999843 56.44999999999734
9.459999999999843 56.569999999997314
9.479999999999842 56.68999999999729
9.499999999999842 56.80999999999727
9.519999999999841 56.92999999999724
9.539999999999841 57.04999999999722
9.55999999999984 57.169999999997195
9.57999999999984 57.28999999999717
9.59999999999984 57.40999999999715
9.61999999999984 57.52999999999712
9.639999999999839 57.6499999999971
9.659999999999838 57.769999999997076
9.679999999999838 57.88999999999705
9.699999999999838 58.00999999999703
9.719999999999837 58.129999999997004
9.739999999999837 58.24999999999698
9.759999999999836 58.369999999996956
9.779999999999836 58.48999999999693
9.799999999999836 58.60999999999691
9.819999999999835 58.729999999996885
9.839999999999835 58.84999999999686
9.859999999999834 58.96999999999684
9.879999999999834 59.08999999999681
9.899999999999833 59.20999999999679
9.919999999999833 59.329999999996765
9.939999999999833 59.44999999999674
9.959999999999832 59.56999999999672
9.979999999999832 59.689999999996694
9.999999999999831 59.80999999999667
10.01999999999983 59.929999999996646
10.03999999999983 60.04999999999662
10.05999999999983 60.1699999999966
10.07999999999983 60.289999999996574
10.09999999999983 60.40999999999655
10.119999999999829 60.52999999999653
10.139999999999828 60.6499999999965
10.159999999999828 60.76999999999648
10.179999999999827 60.889999999996455
10.199999999999827 61.00999999999643
10.219999999999827 61.12999999999641
10.239999999999826 61.24999999999638
10.259999999999826 61.36999999999636
10.279999999999825 61.489999999996336
10.299999999999825 61.60999999999631
10.319999999999824 61.72999999999629
10.339999999999824 61.849999999996264
10.359999999999824 61.96999999999624
10.379999999999823 62.089999999996216
10.399999999999823 62.20999999999619
10.419999999999822 62.32999999999617
10.439999999999822 62.449999999996145
10.459999999999821 62.56999999999612
10.479999999999821 62.6899999999961
10.49999999999982 62.80999999999607
10.51999999999982 62.92999999999605
10.53999999999982 63.049999999996025
10.55999999999982 63.169999999996
10.579999999999819 63.28999999999598
10.599999999999818 63.409999999995954
10.619999999999818 63.52999999999593
10.639999999999818 63.649999999995906
10.659999999999817 63.76999999999588
10.679999999999817 63.88999999999586
10.699999999999816 64.00999999999584
10.719999999999816 64.1299999999959
10.739999999999815 64.24999999999596
10.759999999999815 64.36999999999603
10.779999999999815 64.48999999999609
10.799999999999814 64.60999999999615
10.819999999999814 64.72999999999621
10.839999999999813 64.84999999999627
10.859999999999813 64.96999999999633
10.879999999999812 65.0899999999964
10.899999999999812 65.20999999999646
10.919999999999812 65.32999999999652
10.939999999999811 65.44999999999658
10.95999999999981 65.56999999999664
10.97999999999981 65.6899999999967
10.99999999999981 65.80999999999676
11.01999999999981 65.92999999999682
11.039999999999809 66.04999999999688
11.059999999999809 66.16999999999695
11.079999999999808 66.28999999999701
11.099999999999808 66.40999999999707
11.119999999999807 66.52999999999713
11.139999999999807 66.64999999999719
11.159999999999807 66.76999999999725
11.179999999999806 66.88999999999731
11.199999999999806 67.00999999999738
11.219999999999805 67.12999999999744
11.239999999999805 67.2499999999975
11.259999999999804 67.36999999999756
11.279999999999804 67.48999999999762
11.299999999999804 67.60999999999768
11.319999999999803 67.72999999999774
11.339999999999803 67.8499999999978
11.359999999999802 67.96999999999787
11.379999999999802 68.08999999999793
11.399999999999801 68.20999999999799
11.419999999999801 68.32999999999805
11.4399999999998 68.44999999999811
11.4599999999998 68.56999999999817
11.4799999999998 68.68999999999824
11.4999999999998 68.8099999999983
11.519999999999799 68.92999999999836
11.539999999999798 69.04999999999842
11.559999999999798 69.16999999999848
11.579999999999798 69.28999999999854
11.599999999999797 69.4099999999986
11.619999999999797 69.52999999999867
11.639999999999796 69.64999999999873
11.659999999999796 69.76999999999879
11.679999999999795 69.88999999999885
11.699999999999795 70.00999999999891
11.719999999999795 70.12999999999897
11.739999999999794 70.24999999999903
11.759999999999794 70.3699999999991
11.779999999999793 70.48999999999916
11.799999999999793 70.60999999999922
11.819999999999792 70.72999999999928
11.839999999999792 70.84999999999934
11.859999999999792 70.9699999999994
11.879999999999791 71.08999999999946
11.89999999999979 71.20999999999952
11.91999999999979 71.32999999999959
11.93999999999979 71.44999999999965
11.95999999999979 71.56999999999971
11.979999999999789 71.68999999999977
11.999999999999789 71.80999999999983
12.019999999999788 71.9299999999999
12.039999999999788 72.04999999999995
12.059999999999787 72.17000000000002
12.079999999999787 72.29000000000008
12.099999999999786 72.41000000000014
12.119999999999786 72.5300000000002
12.139999999999786 72.65000000000026
12.159999999999785 72.77000000000032
12.179999999999785 72.89000000000038
12.199999999999784 73.01000000000045
12.219999999999784 73.1300000000005
12.239999999999783 73.25000000000057
12.259999999999783 73.37000000000063
12.279999999999783 73.49000000000069
12.299999999999782 73.61000000000075
12.319999999999782 73.73000000000081
12.339999999999781 73.85000000000088
12.359999999999781 73.97000000000094
12.37999999999978 74.090000000001
12.39999999999978 74.21000000000106
12.41999999999978 74.33000000000112
12.43999999999978 74.45000000000118
12.459999999999779 74.57000000000124
12.479999999999778 74.6900000000013
12.499999999999778 74.81000000000137
12.519999999999778 74.93000000000143
12.539999999999777 75.05000000000149
12.559999999999777 75.17000000000155
12.579999999999776 75.29000000000161
12.599999999999776 75.41000000000167
12.619999999999775 75.53000000000173
12.639999999999775 75.6500000000018
12.659999999999775 75.77000000000186
12.679999999999774 75.89000000000192
12.699999999999774 76.01000000000198
12.719999999999773 76.13000000000204
12.739999999999773 76.2500000000021
12.759999999999772 76.37000000000216
12.779999999999772 76.49000000000223
12.799999999999772 76.61000000000229
12.819999999999771 76.73000000000235
12.83999999999977 76.85000000000241
12.85999999999977 76.97000000000247
12.87999999999977 77.09000000000253
12.89999999999977 77.2100000000026
12.919999999999769 77.33000000000266
12.939999999999769 77.45000000000272
12.959999999999768 77.57000000000278
12.979999999999768 77.69000000000284
12.999999999999767 77.8100000000029
13.019999999999767 77.93000000000296
13.039999999999766 78.05000000000302
13.059999999999766 78.17000000000309
13.079999999999766 78.29000000000315
13.099999999999765 78.41000000000321
13.119999999999765 78.53000000000327
13.139999999999764 78.65000000000333
13.159999999999764 78.77000000000339
13.179999999999763 78.89000000000345
13.199999999999763 79.01000000000352
13.219999999999763 79.13000000000358
13.239999999999762 79.25000000000364
13.259999999999762 79.3700000000037
13.279999999999761 79.49000000000376
13.299999999999761 79.61000000000382
13.31999999999976 79.73000000000388
13.33999999999976 79.85000000000394
13.35999999999976 79.970000000004
13.37999999999976 80.09000000000407
13.399999999999759 80.21000000000413
13.419999999999758 80.33000000000419
13.439999999999758 80.45000000000425
13.459999999999757 80.57000000000431
13.479999999999757 80.69000000000437
13.499999999999757 80.81000000000444
13.519999999999756 80.9300000000045
13.539999999999756 81.05000000000456
13.559999999999755 81.17000000000462
13.579999999999755 81.29000000000468
13.599999999999755 81.41000000000474
13.619999999999754 81.5300000000048
13.639999999999754 81.65000000000487
13.659999999999753 81.77000000000493
13.679999999999753 81.89000000000499
13.699999999999752 82.01000000000505
13.719999999999752 82.13000000000511
13.739999999999752 82.25000000000517
13.759999999999751 82.36000000000523
13.77999999999975 82.48000000000529
13.79999999999975 82.60000000000535
13.81999999999975 82.72000000000541
13.83999999999975 82.84000000000547
13.859999999999749 82.96000000000554
13.879999999999749 83.0800000000056
13.899999999999748 83.20000000000566
13.919999999999748 83.32000000000572
13.939999999999747 83.44000000000578
13.959999999999747 83.56000000000584
13.979999999999746 83.6800000000059
13.999999999999746 83.80000000000597
14.019999999999746 83.92000000000603
14.039999999999745 84.04000000000609
14.059999999999745 84.16000000000615
14.079999999999744 84.28000000000621
14.099999999999744 84.40000000000627
14.119999999999743 84.52000000000633
14.139999999999743 84.6400000000064
14.159999999999743 84.76000000000646
14.179999999999742 84.88000000000652
14.199999999999742 85.00000000000658
14.219999999999741 85.12000000000664
14.23999999999974 85.2400000000067
14.25999999999974 85.36000000000676
14.27999999999974 85.48000000000683
14.29999999999974 85.60000000000689
14.31999999999974 85.72000000000695
14.339999999999739 85.84000000000701
14.359999999999738 85.96000000000707
14.379999999999738 86.08000000000713
14.399999999999737 86.2000000000072
14.419999999999737 86.32000000000725
14.439999999999737 86.44000000000732
14.459999999999736 86.56000000000738
14.479999999999736 86.68000000000744
14.499999999999735 86.8000000000075
14.519999999999735 86.92000000000756
14.539999999999734 87.04000000000762
14.559999999999734 87.16000000000768
14.579999999999734 87.28000000000775
14.599999999999733 87.40000000000781
14.619999999999733 87.52000000000787
14.639999999999732 87.64000000000793
14.659999999999732 87.76000000000799
14.679999999999731 87.88000000000805
14.699999999999731 88.00000000000811
14.71999999999973 88.12000000000818
14.73999999999973 88.24000000000824
14.75999999999973 88.3600000000083
14.77999999999973 88.48000000000836
14.799999999999729 88.60000000000842
14.819999999999729 88.72000000000848
14.839999999999728 88.84000000000854
14.859999999999728 88.9600000000086
14.879999999999727 89.08000000000867
14.899999999999727 89.20000000000873
14.919999999999726 89.32000000000879
14.939999999999726 89.44000000000885
14.959999999999726 89.56000000000891
14.979999999999725 89.68000000000897
14.999999999999725 89.80000000000904
15.019999999999724 89.9200000000091
15.039999999999724 90.04000000000916
15.059999999999723 90.16000000000922
15.079999999999723 90.28000000000928
15.099999999999723 90.40000000000934
15.119999999999722 90.5200000000094
15.139999999999722 90.64000000000946
15.159999999999721 90.76000000000953
15.17999999999972 90.88000000000959
15.19999999999972 91.00000000000965
15.21999999999972 91.12000000000971
15.23999999999972 91.24000000000977
15.25999999999972 91.36000000000983
15.279999999999719 91.4800000000099
15.299999999999718 91.60000000000996
15.319999999999718 91.72000000001002
15.339999999999717 91.84000000001008
15.359999999999717 91.96000000001014
15.379999999999717 92.0800000000102
15.399999999999716 92.20000000001026
15.419999999999716 92.32000000001032
15.439999999999715 92.44000000001039
15.459999999999715 92.56000000001045
15.479999999999714 92.68000000001051
15.499999999999714 92.80000000001057
15.519999999999714 92.92000000001063
15.539999999999713 93.04000000001069
15.559999999999713 93.16000000001075
15.579999999999712 93.28000000001082
15.599999999999712 93.40000000001088
15.619999999999711 93.52000000001094
15.639999999999711 93.640000000011
15.65999999999971 93.76000000001106
15.67999999999971 93.88000000001112
15.69999999999971 94.00000000001118
15.71999999999971 94.12000000001125
15.739999999999709 94.2400000000113
15.759999999999708 94.36000000001137
15.779999999999708 94.48000000001143
15.799999999999708 94.60000000001149
15.819999999999707 94.72000000001155
15.839999999999707 94.84000000001161
15.859999999999706 94.96000000001168
15.879999999999706 95.08000000001174
15.899999999999705 95.2000000000118
15.919999999999705 95.32000000001186
15.939999999999705 95.44000000001192
15.959999999999704 95.56000000001198
15.979999999999704 95.68000000001204
15.999999999999703 95.8000000000121
16.019999999999705 95.92000000001217
16.039999999999708 96.04000000001223
16.05999999999971 96.16000000001229
16.079999999999714 96.28000000001235
16.099999999999717 96.40000000001241
16.11999999999972 96.52000000001247
16.139999999999723 96.64000000001253
16.159999999999727 96.7600000000126
16.17999999999973 96.88000000001266
16.199999999999733 97.00000000001272
16.219999999999736 97.11000000001277
16.23999999999974 97.23000000001284
16.259999999999742 97.3500000000129
16.279999999999745 97.47000000001296
16.29999999999975 97.59000000001302
16.31999999999975 97.71000000001308
16.339999999999755 97.83000000001314
16.359999999999758 97.9500000000132
16.37999999999976 98.07000000001327
16.399999999999764 98.19000000001333
16.419999999999767 98.31000000001339
16.43999999999977 98.43000000001345
16.459999999999773 98.55000000001351
16.479999999999777 98.67000000001357
16.49999999999978 98.79000000001363
16.519999999999783 98.9100000000137
16.539999999999786 99.03000000001376
16.55999999999979 99.15000000001382
16.579999999999792 99.27000000001388
16.599999999999795 99.39000000001394
16.6199999999998 99.510000000014
16.6399999999998 99.63000000001406
16.659999999999805 99.75000000001413
16.679999999999808 99.87000000001419
16.69999999999981 99.99000000001425
16.719999999999814 100.11000000001431
16.739999999999817 100.23000000001437
16.75999999999982 100.35000000001443
16.779999999999824 100.4700000000145
16.799999999999827 100.59000000001456
16.81999999999983 100.71000000001462
16.839999999999833 100.83000000001468
16.859999999999836 100.95000000001474
16.87999999999984 101.0700000000148
16.899999999999842 101.19000000001486
16.919999999999845 101.31000000001492
16.93999999999985 101.43000000001499
16.95999999999985 101.55000000001505
16.979999999999855 101.67000000001511
16.999999999999858 101.79000000001517
17.01999999999986 101.91000000001523
17.039999999999864 102.03000000001529
17.059999999999867 102.15000000001535
17.07999999999987 102.27000000001541
17.099999999999874 102.39000000001548
17.119999999999877 102.51000000001554
17.13999999999988 102.6300000000156
17.159999999999883 102.75000000001566
17.179999999999886 102.87000000001572
17.19999999999989 102.99000000001578
17.219999999999892 103.11000000001584
17.239999999999895 103.2300000000159
17.2599999999999 103.35000000001597
17.2799999999999 103.47000000001603
17.299999999999905 103.59000000001609
17.319999999999908 103.71000000001615
17.33999999999991 103.83000000001621
17.359999999999914 103.95000000001627
17.379999999999917 104.07000000001634
17.39999999999992 104.1900000000164
17.419999999999924 104.31000000001646
17.439999999999927 104.43000000001652
17.45999999999993 104.55000000001658
17.479999999999933 104.67000000001664
17.499999999999936 104.7900000000167
17.51999999999994 104.91000000001677
17.539999999999942 105.03000000001683
17.559999999999945 105.15000000001689
17.57999999999995 105.27000000001695
17.59999999999995 105.39000000001701
17.619999999999955 105.51000000001707
17.639999999999958 105.63000000001713
17.65999999999996 105.7500000000172
17.679999999999964 105.87000000001726
17.699999999999967 105.99000000001732
17.71999999999997 106.11000000001738
17.739999999999974 106.23000000001744
17.759999999999977 106.3500000000175
17.77999999999998 106.47000000001756
17.799999999999983 106.59000000001762
17.819999999999986 106.71000000001769
17.83999999999999 106.83000000001775
17.859999999999992 106.95000000001781
17.879999999999995 107.07000000001787
17.9 107.19000000001793
17.92 107.310000000018
17.940000000000005 107.43000000001805
17.960000000000008 107.55000000001812
17.98000000000001 107.67000000001818
18.000000000000014 107.79000000001824
18.020000000000017 107.9100000000183
18.04000000000002 108.03000000001836
18.060000000000024 108.15000000001842
18.080000000000027 108.27000000001848
18.10000000000003 108.39000000001855
18.120000000000033 108.51000000001861
18.140000000000036 108.63000000001867
18.16000000000004 108.75000000001873
18.180000000000042 108.86000000001879
18.200000000000045 108.98000000001885
18.22000000000005 109.10000000001891
18.24000000000005 109.22000000001897
18.260000000000055 109.34000000001903
18.280000000000058 109.4600000000191
18.30000000000006 109.58000000001915
18.320000000000064 109.70000000001922
18.340000000000067 109.82000000001928
18.36000000000007 109.94000000001934
18.380000000000074 110.0600000000194
18.400000000000077 110.18000000001946
18.42000000000008 110.30000000001952
18.440000000000083 110.42000000001958
18.460000000000086 110.54000000001965
18.48000000000009 110.6600000000197
18.500000000000092 110.78000000001977
18.520000000000095 110.90000000001983
18.5400000000001 111.02000000001989
18.5600000000001 111.14000000001995
18.580000000000105 111.26000000002001
18.600000000000108 111.38000000002008
18.62000000000011 111.50000000002014
18.640000000000114 111.6200000000202
18.660000000000117 111.74000000002026
18.68000000000012 111.86000000002032
18.700000000000124 111.98000000002038
18.720000000000127 112.10000000002044
18.74000000000013 112.2200000000205
18.760000000000133 112.34000000002057
18.780000000000136 112.46000000002063
18.80000000000014 112.58000000002069
18.820000000000142 112.70000000002075
18.840000000000146 112.82000000002081
18.86000000000015 112.94000000002087
18.88000000000015 113.06000000002093
18.900000000000155 113.180000000021
18.920000000000158 113.30000000002106
18.94000000000016 113.42000000002112
18.960000000000164 113.54000000002118
18.980000000000167 113.66000000002124
19.00000000000017 113.7800000000213
19.020000000000174 113.90000000002136
19.040000000000177 114.02000000002143
19.06000000000018 114.14000000002149
19.080000000000183 114.26000000002155
19.100000000000186 114.38000000002161
19.12000000000019 114.50000000002167
19.140000000000192 114.62000000002173
19.160000000000196 114.7400000000218
19.1800000000002 114.86000000002186
19.200000000000202 114.98000000002192
19.220000000000205 115.10000000002198
19.240000000000208 115.22000000002204
19.26000000000021 115.3400000000221
19.280000000000214 115.46000000002216
19.300000000000217 115.58000000002222
19.32000000000022 115.70000000002229
19.340000000000224 115.82000000002235
19.360000000000227 115.94000000002241
19.38000000000023 116.06000000002247
19.400000000000233 116.18000000002253
19.420000000000236 116.30000000002259
19.44000000000024 116.42000000002265
19.460000000000242 116.54000000002272
19.480000000000246 116.66000000002278
19.50000000000025 116.78000000002284
19.520000000000252 116.9000000000229
19.540000000000255 117.02000000002296
19.560000000000258 117.14000000002302
19.58000000000026 117.26000000002308
19.600000000000264 117.38000000002314
19.620000000000267 117.5000000000232
19.64000000000027 117.62000000002327
19.660000000000274 117.74000000002333
19.680000000000277 117.86000000002339
19.70000000000028 117.98000000002345
19.720000000000283 118.10000000002351
19.740000000000286 118.22000000002357
19.76000000000029 118.34000000002364
19.780000000000292 118.4600000000237
19.800000000000296 118.58000000002376
19.8200000000003 118.70000000002382
19.840000000000302 118.82000000002388
19.860000000000305 118.94000000002394
19.880000000000308 119.060000000024
19.90000000000031 119.17000000002406
19.920000000000314 119.29000000002412
19.940000000000317 119.41000000002418
19.96000000000032 119.53000000002424
19.980000000000324 119.6500000000243
20.000000000000327 119.77000000002437
20.02000000000033 119.89000000002443
20.040000000000333 120.01000000002449
20.060000000000336 120.13000000002455
20.08000000000034 120.25000000002461
20.100000000000342 120.37000000002467
20.120000000000346 120.49000000002474
20.14000000000035 120.6100000000248
20.160000000000352 120.73000000002486
20.180000000000355 120.85000000002492
20.200000000000358 120.97000000002498
20.22000000000036 121.09000000002504
20.240000000000364 121.2100000000251
20.260000000000367 121.33000000002517
20.28000000000037 121.45000000002523
20.300000000000374 121.57000000002529
20.320000000000377 121.69000000002535
20.34000000000038 121.81000000002541
20.360000000000383 121.93000000002547
20.380000000000386 122.05000000002553
20.40000000000039 122.1700000000256
20.420000000000393 122.29000000002566
20.440000000000396 122.41000000002572
20.4600000000004 122.53000000002578
20.480000000000402 122.65000000002584
20.500000000000405 122.7700000000259
20.520000000000408 122.89000000002596
20.54000000000041 123.01000000002603
20.560000000000414 123.13000000002609
20.580000000000418 123.25000000002615
20.60000000000042 123.37000000002621
20.620000000000424 123.49000000002627
20.640000000000427 123.61000000002633
20.66000000000043 123.7300000000264
20.680000000000433 123.85000000002645
20.700000000000436 123.97000000002652
20.72000000000044 124.09000000002658
20.740000000000443 124.21000000002664
20.760000000000446 124.3300000000267
20.78000000000045 124.45000000002676
20.800000000000452 124.57000000002682
20.820000000000455 124.69000000002688
20.840000000000458 124.81000000002695
20.86000000000046 124.93000000002701
20.880000000000464 125.05000000002707
20.900000000000468 125.17000000002713
20.92000000000047 125.29000000002719
20.940000000000474 125.41000000002725
20.960000000000477 125.53000000002731
20.98000000000048 125.65000000002738
21.000000000000483 125.77000000002744
21.020000000000486 125.8900000000275
21.04000000000049 126.01000000002756
21.060000000000493 126.13000000002762
21.080000000000496 126.25000000002768
21.1000000000005 126.37000000002774
21.120000000000502 126.4900000000278
21.140000000000505 126.61000000002787
21.160000000000508 126.73000000002793
21.18000000000051 126.85000000002799
21.200000000000514 126.97000000002805
21.220000000000518 127.09000000002811
21.24000000000052 127.21000000002817
21.260000000000524 127.33000000002824
21.280000000000527 127.4500000000283
21.30000000000053 127.57000000002836
21.320000000000533 127.69000000002842
21.340000000000536 127.81000000002848
21.36000000000054 127.93000000002854
21.380000000000543 128.05000000002852
21.400000000000546 128.1700000000284
21.42000000000055 128.2900000000283
21.440000000000552 128.4100000000282
21.460000000000555 128.53000000002808
21.480000000000558 128.65000000002797
21.50000000000056 128.77000000002786
21.520000000000564 128.88000000002776
21.540000000000568 129.00000000002765
21.56000000000057 129.12000000002755
21.580000000000574 129.24000000002744
21.600000000000577 129.36000000002733
21.62000000000058 129.48000000002722
21.640000000000583 129.6000000000271
21.660000000000586 129.720000000027
21.68000000000059 129.8400000000269
21.700000000000593 129.96000000002678
21.720000000000596 130.08000000002667
21.7400000000006 130.20000000002656
21.760000000000602 130.32000000002645
21.780000000000605 130.44000000002634
21.80000000000061 130.56000000002624
21.82000000000061 130.68000000002613
21.840000000000614 130.80000000002602
21.860000000000618 130.9200000000259
21.88000000000062 131.0400000000258
21.900000000000624 131.1600000000257
21.920000000000627 131.28000000002558
21.94000000000063 131.40000000002547
21.960000000000633 131.52000000002536
21.980000000000636 131.64000000002525
22.00000000000064 131.76000000002514
22.020000000000643 131.88000000002503
22.040000000000646 132.00000000002493
22.06000000000065 132.12000000002482
22.080000000000652 132.2400000000247
22.100000000000655 132.3600000000246
22.12000000000066 132.4800000000245
22.14000000000066 132.60000000002438
22.160000000000664 132.72000000002427
22.180000000000668 132.84000000002416
22.20000000000067 132.96000000002405
22.220000000000674 133.08000000002394
22.240000000000677 133.20000000002383
22.26000000000068 133.32000000002373
22.280000000000683 133.44000000002362
22.300000000000686 133.5600000000235
22.32000000000069 133.6800000000234
22.340000000000693 133.8000000000233
22.360000000000696 133.92000000002318
22.3800000000007 134.04000000002307
22.400000000000702 134.16000000002296
22.420000000000705 134.28000000002285
22.44000000000071 134.40000000002274
22.46000000000071 134.52000000002263
22.480000000000715 134.64000000002252
22.500000000000718 134.76000000002242
22.52000000000072 134.8800000000223
22.540000000000724 135.0000000000222
22.560000000000727 135.1200000000221
22.58000000000073 135.24000000002198
22.600000000000733 135.36000000002187
22.620000000000736 135.48000000002176
22.64000000000074 135.60000000002165
22.660000000000743 135.72000000002154
22.680000000000746 135.84000000002143
22.70000000000075 135.96000000002132
22.720000000000752 136.08000000002122
22.740000000000755 136.2000000000211
22.76000000000076 136.320000000021
22.78000000000076 136.4400000000209
22.800000000000765 136.56000000002078
22.820000000000768 136.68000000002067
22.84000000000077 136.80000000002056
22.860000000000774 136.92000000002045
22.880000000000777 137.04000000002034
22.90000000000078 137.16000000002023
22.920000000000783 137.28000000002012
22.940000000000786 137.40000000002001
22.96000000000079 137.5200000000199
22.980000000000793 137.6400000000198
23.000000000000796 137.7600000000197
23.0200000000008 137.88000000001958
23.040000000000802 138.00000000001947
23.060000000000805 138.11000000001937
23.08000000000081 138.23000000001926
23.10000000000081 138.35000000001915
23.120000000000815 138.47000000001904
23.140000000000818 138.59000000001893
23.16000000000082 138.71000000001882
23.180000000000824 138.8300000000187
23.200000000000827 138.9500000000186
23.22000000000083 139.0700000000185
23.240000000000833 139.1900000000184
23.260000000000836 139.31000000001828
23.28000000000084 139.43000000001817
23.300000000000843 139.55000000001806
23.320000000000846 139.67000000001795
23.34000000000085 139.79000000001784
23.360000000000852 139.91000000001773
23.380000000000855 140.03000000001762
23.40000000000086 140.1500000000175
23.42000000000086 140.2700000000174
23.440000000000865 140.3900000000173
23.460000000000868 140.5100000000172
23.48000000000087 140.63000000001708
23.500000000000874 140.75000000001697
23.520000000000877 140.87000000001686
23.54000000000088 140.99000000001675
23.560000000000883 141.11000000001664
23.580000000000886 141.23000000001653
23.60000000000089 141.35000000001642
23.620000000000893 141.4700000000163
23.640000000000896 141.5900000000162
23.6600000000009 141.7100000000161
23.680000000000902 141.83000000001599
23.700000000000905 141.95000000001588
23.72000000000091 142.07000000001577
23.74000000000091 142.19000000001566
23.760000000000915 142.31000000001555
23.780000000000918 142.43000000001544
23.80000000000092 142.55000000001533
23.820000000000924 142.67000000001522
23.840000000000927 142.7900000000151
23.86000000000093 142.910000000015
23.880000000000933 143.0300000000149
23.900000000000936 143.15000000001478
23.92000000000094 143.27000000001468
23.940000000000943 143.39000000001457
23.960000000000946 143.51000000001446
23.98000000000095 143.63000000001435
24.000000000000952 143.75000000001424
24.020000000000955 143.87000000001413
24.04000000000096 143.99000000001402
24.06000000000096 144.1100000000139
24.080000000000965 144.2300000000138
24.100000000000968 144.3500000000137
24.12000000000097 144.47000000001358
24.140000000000974 144.59000000001348
24.160000000000977 144.71000000001337
24.18000000000098 144.83000000001326
24.200000000000983 144.95000000001315
24.220000000000987 145.07000000001304
24.24000000000099 145.19000000001293
24.260000000000993 145.31000000001282
24.280000000000996 145.4300000000127
24.300000000001 145.5500000000126
24.320000000001002 145.6700000000125
24.340000000001005 145.79000000001238
24.36000000000101 145.91000000001227
24.38000000000101 146.03000000001217
24.400000000001015 146.15000000001206
24.420000000001018 146.27000000001195
24.44000000000102 146.39000000001184
24.460000000001024 146.51000000001173
24.480000000001027 146.63000000001162
24.50000000000103 146.7500000000115
24.520000000001033 146.8700000000114
24.540000000001037 146.9800000000113
24.56000000000104 147.1000000000112
24.580000000001043 147.22000000001108
24.600000000001046 147.34000000001097
24.62000000000105 147.46000000001087
24.640000000001052 147.58000000001076
24.660000000001055 147.70000000001065
24.68000000000106 147.82000000001054
24.70000000000106 147.94000000001043
24.720000000001065 148.06000000001032
24.740000000001068 148.1800000000102
24.76000000000107 148.3000000000101
24.780000000001074 148.42000000001
24.800000000001077 148.54000000000988
24.82000000000108 148.66000000000977
24.840000000001083 148.78000000000966
24.860000000001087 148.90000000000956
24.88000000000109 149.02000000000945
24.900000000001093 149.14000000000934
24.920000000001096 149.26000000000923
24.9400000000011 149.38000000000912
24.960000000001102 149.500000000009
24.980000000001105 149.6200000000089
25.00000000000111 149.7400000000088
25.02000000000111 149.86000000000868
25.040000000001115 149.98000000000857
25.060000000001118 150.10000000000846
25.08000000000112 150.22000000000835
25.100000000001124 150.34000000000825
25.120000000001127 150.46000000000814
25.14000000000113 150.58000000000803
25.160000000001133 150.70000000000792
25.180000000001137 150.8200000000078
25.20000000000114 150.9400000000077
25.220000000001143 151.0600000000076
25.240000000001146 151.18000000000748
25.26000000000115 151.30000000000737
25.280000000001152 151.42000000000726
25.300000000001155 151.54000000000715
25.32000000000116 151.66000000000705
25.34000000000116 151.78000000000694
25.360000000001165 151.90000000000683
25.380000000001168 152.02000000000672
25.40000000000117 152.1400000000066
25.420000000001174 152.2600000000065
25.440000000001177 152.3800000000064
25.46000000000118 152.50000000000628
25.480000000001183 152.62000000000617
25.500000000001187 152.74000000000606
25.52000000000119 152.86000000000595
25.540000000001193 152.98000000000584
25.560000000001196 153.10000000000574
25.5800000000012 153.22000000000563
25.600000000001202 153.34000000000552
25.620000000001205 153.4600000000054
25.64000000000121 153.5800000000053
25.66000000000121 153.7000000000052
25.680000000001215 153.82000000000508
25.700000000001218 153.94000000000497
25.72000000000122 154.06000000000486
25.740000000001224 154.18000000000475
25.760000000001227 154.30000000000464
25.78000000000123 154.42000000000453
25.800000000001234 154.54000000000443
25.820000000001237 154.66000000000432
25.84000000000124 154.7800000000042
25.860000000001243 154.9000000000041
25.880000000001246 155.020000000004
25.90000000000125 155.14000000000388
25.920000000001252 155.26000000000377
25.940000000001255 155.38000000000366
25.96000000000126 155.49000000000356
25.98000000000126 155.61000000000345
26.000000000001265 155.73000000000334
26.020000000001268 155.85000000000323
26.04000000000127 155.97000000000313
26.060000000001274 156.09000000000302
26.080000000001277 156.2100000000029
26.10000000000128 156.3300000000028
26.120000000001284 156.4500000000027
26.140000000001287 156.57000000000258
26.16000000000129 156.69000000000247
26.180000000001293 156.81000000000236
26.200000000001296 156.93000000000225
26.2200000000013 157.05000000000214
26.240000000001302 157.17000000000203
26.260000000001305 157.29000000000192
26.28000000000131 157.41000000000182
26.30000000000131 157.5300000000017
26.320000000001315 157.6500000000016
26.340000000001318 157.7700000000015
26.36000000000132 157.89000000000138
26.380000000001324 158.01000000000127
26.400000000001327 158.13000000000116
26.42000000000133 158.25000000000105
26.440000000001334 158.37000000000094
26.460000000001337 158.49000000000083
26.48000000000134 158.61000000000072
26.500000000001343 158.73000000000062
26.520000000001346 158.8500000000005
26.54000000000135 158.9700000000004
26.560000000001352 159.0900000000003
26.580000000001355 159.21000000000018
26.60000000000136 159.33000000000007
26.62000000000136 159.44999999999996
26.640000000001365 159.56999999999985
26.660000000001368 159.68999999999974
26.68000000000137 159.80999999999963
26.700000000001374 159.92999999999952
26.720000000001377 160.04999999999941
26.74000000000138 160.1699999999993
26.760000000001384 160.2899999999992
26.780000000001387 160.4099999999991
26.80000000000139 160.52999999999898
26.820000000001393 160.64999999999887
26.840000000001396 160.76999999999876
26.8600000000014 160.88999999999865
26.880000000001402 161.00999999999854
26.900000000001405 161.12999999999843
26.92000000000141 161.24999999999832
26.94000000000141 161.3699999999982
26.960000000001415 161.4899999999981
26.980000000001418 161.609999999998
27.00000000000142 161.7299999999979
27.020000000001424 161.84999999999778
27.040000000001427 161.96999999999767
27.06000000000143 162.08999999999756
27.080000000001434 162.20999999999745
27.100000000001437 162.32999999999734
27.12000000000144 162.44999999999723
27.140000000001443 162.56999999999712
27.160000000001446 162.689999999997
27.18000000000145 162.8099999999969
27.200000000001452 162.9299999999968
27.220000000001455 163.0499999999967
27.24000000000146 163.16999999999658
27.26000000000146 163.28999999999647
27.280000000001465 163.40999999999636
27.300000000001468 163.52999999999625
27.32000000000147 163.64999999999614
27.340000000001474 163.76999999999603
27.360000000001477 163.87999999999593
27.38000000000148 163.99999999999582
27.400000000001484 164.1199999999957
27.420000000001487 164.2399999999956
27.44000000000149 164.3599999999955
27.460000000001493 164.47999999999539
27.480000000001496 164.59999999999528
27.5000000000015 164.71999999999517
27.520000000001502 164.83999999999506
27.540000000001505 164.95999999999495
27.56000000000151 165.07999999999484
27.58000000000151 165.19999999999473
27.600000000001515 165.31999999999462
27.620000000001518 165.4399999999945
27.64000000000152 165.5599999999944
27.660000000001524 165.6799999999943
27.680000000001527 165.79999999999418
27.70000000000153 165.91999999999408
27.720000000001534 166.03999999999397
27.740000000001537 166.15999999999386
27.76000000000154 166.27999999999375
27.780000000001543 166.39999999999364
27.800000000001546 166.51999999999353
27.82000000000155 166.63999999999342
27.840000000001552 166.7599999999933
27.860000000001556 166.8799999999932
27.88000000000156 166.9999999999931
27.90000000000156 167.11999999999298
27.920000000001565 167.23999999999288
27.940000000001568 167.35999999999277
27.96000000000157 167.47999999999266
27.980000000001574 167.59999999999255
28.000000000001577 167.71999999999244
28.02000000000158 167.83999999999233
28.040000000001584 167.95999999999222
28.060000000001587 168.0799999999921
28.08000000000159 168.199999999992
28.100000000001593 168.3199999999919
28.120000000001596 168.43999999999178
28.1400000000016 168.55999999999167
28.160000000001602 168.67999999999157
28.180000000001606 168.79999999999146
28.20000000000161 168.91999999999135
28.220000000001612 169.03999999999124
28.240000000001615 169.15999999999113
28.260000000001618 169.27999999999102
28.28000000000162 169.3999999999909
28.300000000001624 169.5199999999908
28.320000000001627 169.6399999999907
28.34000000000163 169.75999999999058
28.360000000001634 169.87999999999047
28.380000000001637 169.99999999999037
28.40000000000164 170.11999999999026
28.420000000001643 170.23999999999015
28.440000000001646 170.35999999999004
28.46000000000165 170.47999999998993
28.480000000001652 170.59999999998982
28.500000000001656 170.7199999999897
28.52000000000166 170.8399999999896
28.540000000001662 170.9599999999895
28.560000000001665 171.07999999998938
28.580000000001668 171.19999999998927
28.60000000000167 171.31999999998916
28.620000000001674 171.43999999998906
28.640000000001677 171.55999999998895
28.66000000000168 171.67999999998884
28.680000000001684 171.79999999998873
28.700000000001687 171.91999999998862
28.72000000000169 172.0399999999885
28.740000000001693 172.1499999999884
28.760000000001696 172.2699999999883
28.7800000000017 172.3899999999882
28.800000000001702 172.50999999998808
28.820000000001706 172.62999999998797
28.84000000000171 172.74999999998786
28.860000000001712 172.86999999998775
28.880000000001715 172.98999999998765
28.900000000001718 173.10999999998754
28.92000000000172 173.22999999998743
28.940000000001724 173.34999999998732
28.960000000001727 173.4699999999872
28.98000000000173 173.5899999999871
29.000000000001734 173.709999999987
29.020000000001737 173.82999999998688
29.04000000000174 173.94999999998677
29.060000000001743 174.06999999998666
29.080000000001746 174.18999999998655
29.10000000000175 174.30999999998645
29.120000000001752 174.42999999998634
29.140000000001756 174.54999999998623
29.16000000000176 174.66999999998612
29.180000000001762 174.789999999986
29.200000000001765 174.9099999999859
29.220000000001768 175.0299999999858
29.24000000000177 175.14999999998568
29.260000000001774 175.26999999998557
29.280000000001777 175.38999999998546
29.30000000000178 175.50999999998535
29.320000000001784 175.62999999998524
29.340000000001787 175.74999999998514
29.36000000000179 175.86999999998503
29.380000000001793 175.98999999998492
29.400000000001796 176.1099999999848
29.4200000000018 176.2299999999847
29.440000000001803 176.3499999999846
29.460000000001806 176.46999999998448
29.48000000000181 176.58999999998437
29.500000000001812 176.70999999998426
29.520000000001815 176.82999999998415
29.540000000001818 176.94999999998404
29.56000000000182 177.06999999998393
29.580000000001824 177.18999999998383
29.600000000001828 177.30999999998372
29.62000000000183 177.4299999999836
29.640000000001834 177.5499999999835
29.660000000001837 177.6699999999834
29.68000000000184 177.78999999998328
29.700000000001843 177.90999999998317
29.720000000001846 178.02999999998306
29.74000000000185 178.14999999998295
29.760000000001853 178.26999999998284
29.780000000001856 178.38999999998273
29.80000000000186 178.50999999998263
29.820000000001862 178.62999999998252
29.840000000001865 178.7499999999824
29.860000000001868 178.8699999999823
29.88000000000187 178.9899999999822
29.900000000001874 179.10999999998208
29.920000000001878 179.22999999998197
29.94000000000188 179.34999999998186
29.960000000001884 179.46999999998175
29.980000000001887 179.58999999998164
30.00000000000189 179.70999999998153
30.020000000001893 179.82999999998142
30.040000000001896 179.94999999998132
30.0600000000019 180.0699999999812
30.080000000001903 180.1899999999811
30.100000000001906 180.299999999981
30.12000000000191 180.4199999999809
30.140000000001912 180.53999999998078
30.160000000001915 180.65999999998067
30.180000000001918 180.77999999998056
30.20000000000192 180.89999999998045
30.220000000001924 181.01999999998034
30.240000000001928 181.13999999998023
30.26000000000193 181.25999999998012
30.280000000001934 181.37999999998001
30.300000000001937 181.4999999999799
30.32000000000194 181.6199999999798
30.340000000001943 181.7399999999797
30.360000000001946 181.85999999997958
30.38000000000195 181.97999999997947
30.400000000001953 182.09999999997936
30.420000000001956 182.21999999997925
30.44000000000196 182.33999999997914
30.460000000001962 182.45999999997903
30.480000000001965 182.57999999997892
30.500000000001968 182.69999999997881
30.52000000000197 182.8199999999787
30.540000000001974 182.9399999999786
30.560000000001978 183.0599999999785
30.58000000000198 183.17999999997838
30.600000000001984 183.29999999997827
30.620000000001987 183.41999999997816
30.64000000000199 183.53999999997805
30.660000000001993 183.65999999997794
30.680000000001996 183.77999999997783
30.700000000002 183.89999999997772
30.720000000002003 184.0199999999776
30.740000000002006 184.1399999999775
30.76000000000201 184.2599999999774
30.780000000002012 184.3799999999773
30.800000000002015 184.49999999997718
30.82000000000202 184.61999999997707
30.84000000000202 184.73999999997696
30.860000000002024 184.85999999997685
30.880000000002028 184.97999999997674
30.90000000000203 185.09999999997663
30.920000000002034 185.21999999997652
30.940000000002037 185.3399999999764
30.96000000000204 185.4599999999763
30.980000000002043 185.5799999999762
31.000000000002046 185.6999999999761
31.02000000000205 185.81999999997598
31.040000000002053 185.93999999997587
31.060000000002056 186.05999999997576
31.08000000000206 186.17999999997565
31.100000000002062 186.29999999997554
31.120000000002065 186.41999999997543
31.14000000000207 186.53999999997532
31.16000000000207 186.6599999999752
31.180000000002075 186.7799999999751
31.200000000002078 186.899999999975
31.22000000000208 187.01999999997489
31.240000000002084 187.13999999997478
31.260000000002087 187.25999999997467
31.28000000000209 187.37999999997456
31.300000000002093 187.49999999997445
31.320000000002096 187.61999999997434
31.3400000000021 187.73999999997423
31.360000000002103 187.85999999997412
31.380000000002106 187.979999999974
31.40000000000211 188.0999999999739
31.420000000002112 188.2199999999738
31.440000000002115 188.3299999999737
31.46000000000212 188.44999999997358
31.48000000000212 188.56999999997348
31.500000000002125 188.68999999997337
31.520000000002128 188.80999999997326
31.54000000000213 188.92999999997315
31.560000000002134 189.04999999997304
31.580000000002137 189.16999999997293
31.60000000000214 189.28999999997282
31.620000000002143 189.4099999999727
31.640000000002146 189.5299999999726
31.66000000000215 189.6499999999725
31.680000000002153 189.76999999997238
31.700000000002156 189.88999999997228
31.72000000000216 190.00999999997217
31.740000000002162 190.12999999997206
31.760000000002165 190.24999999997195
31.78000000000217 190.36999999997184
31.80000000000217 190.48999999997173
31.820000000002175 190.60999999997162
31.840000000002178 190.7299999999715
31.86000000000218 190.8499999999714
31.880000000002184 190.9699999999713
31.900000000002187 191.08999999997118
31.92000000000219 191.20999999997107
31.940000000002193 191.32999999997097
31.960000000002196 191.44999999997086
31.9800000000022 191.56999999997075
32.0000000000022 191.68999999997064
32.0200000000022 191.80999999997053
32.040000000002195 191.92999999997042
32.06000000000219 192.0499999999703
32.08000000000219 192.1699999999702
32.10000000000218 192.2899999999701
32.12000000000218 192.40999999996998
32.140000000002175 192.52999999996987
32.16000000000217 192.64999999996976
32.18000000000217 192.76999999996966
32.20000000000216 192.88999999996955
32.22000000000216 193.00999999996944
32.240000000002155 193.12999999996933
32.26000000000215 193.24999999996922
32.28000000000215 193.3699999999691
32.30000000000214 193.489999999969
32.32000000000214 193.6099999999689
32.340000000002135 193.72999999996878
32.36000000000213 193.84999999996867
32.38000000000213 193.96999999996856
32.40000000000212 194.08999999996846
32.42000000000212 194.20999999996835
32.440000000002115 194.32999999996824
32.46000000000211 194.44999999996813
32.48000000000211 194.56999999996802
32.5000000000021 194.6899999999679
32.5200000000021 194.8099999999678
32.540000000002095 194.9299999999677
32.56000000000209 195.04999999996758
32.58000000000209 195.16999999996747
32.60000000000208 195.28999999996736
32.62000000000208 195.40999999996725
32.640000000002075 195.52999999996715
32.66000000000207 195.64999999996704
32.68000000000207 195.76999999996693
32.70000000000206 195.88999999996682
32.72000000000206 196.0099999999667
32.740000000002055 196.1299999999666
32.76000000000205 196.2399999999665
32.78000000000205 196.3599999999664
32.80000000000204 196.47999999996628
32.82000000000204 196.59999999996617
32.840000000002036 196.71999999996606
32.86000000000203 196.83999999996595
32.88000000000203 196.95999999996585
32.900000000002024 197.07999999996574
32.92000000000202 197.19999999996563
32.940000000002016 197.31999999996552
32.96000000000201 197.4399999999654
32.98000000000201 197.5599999999653
33.000000000002004 197.6799999999652
33.020000000002 197.79999999996508
33.040000000001996 197.91999999996497
33.06000000000199 198.03999999996486
33.08000000000199 198.15999999996475
33.100000000001984 198.27999999996464
33.12000000000198 198.39999999996454
33.140000000001976 198.51999999996443
33.16000000000197 198.63999999996432
33.18000000000197 198.7599999999642
33.200000000001964 198.8799999999641
33.22000000000196 198.999999999964
33.240000000001956 199.11999999996388
33.26000000000195 199.23999999996377
33.28000000000195 199.35999999996366
33.300000000001944 199.47999999996355
33.32000000000194 199.59999999996344
33.340000000001936 199.71999999996333
33.36000000000193 199.83999999996323
33.38000000000193 199.95999999996312
33.400000000001924 200.079999999963
33.42000000000192 200.1999999999629
33.440000000001916 200.3199999999628
33.46000000000191 200.43999999996268
33.48000000000191 200.55999999996257
33.500000000001904 200.67999999996246
33.5200000000019 200.79999999996235
33.540000000001896 200.91999999996224
33.56000000000189 201.03999999996213
33.58000000000189 201.15999999996203
33.600000000001884 201.27999999996192
33.62000000000188 201.3999999999618
33.640000000001876 201.5199999999617
33.66000000000187 201.6399999999616
33.68000000000187 201.75999999996148
33.700000000001864 201.87999999996137
33.72000000000186 201.99999999996126
33.74000000000186 202.11999999996115
33.76000000000185 202.23999999996104
33.78000000000185 202.35999999996093
33.800000000001845 202.47999999996082
33.82000000000184 202.59999999996072
33.84000000000184 202.7199999999606
33.86000000000183 202.8399999999605
33.88000000000183 202.9599999999604
33.900000000001825 203.07999999996028
33.92000000000182 203.19999999996017
33.94000000000182 203.31999999996006
33.96000000000181 203.43999999995995
33.98000000000181 203.55999999995984
34.000000000001805 203.67999999995973
34.0200000000018 203.79999999995962
34.0400000000018 203.91999999995951
34.06000000000179 204.02999999995941
34.08000000000179 204.1499999999593
34.100000000001785 204.2699999999592
34.12000000000178 204.3899999999591
34.14000000000178 204.50999999995898
34.16000000000177 204.62999999995887
34.18000000000177 204.74999999995876
34.200000000001765 204.86999999995865
34.22000000000176 204.98999999995854
34.24000000000176 205.10999999995843
34.26000000000175 205.22999999995832
34.28000000000175 205.34999999995821
34.300000000001745 205.4699999999581
34.32000000000174 205.589999999958
34.34000000000174 205.7099999999579
34.36000000000173 205.82999999995778
34.38000000000173 205.94999999995767
34.400000000001725 206.06999999995756
34.42000000000172 206.18999999995745
34.44000000000172 206.30999999995734
34.46000000000171 206.42999999995723
34.48000000000171 206.54999999995712
34.500000000001705 206.669999999957
34.5200000000017 206.7899999999569
34.5400000000017 206.9099999999568
34.56000000000169 207.0299999999567
34.58000000000169 207.14999999995658
34.600000000001685 207.26999999995647
34.62000000000168 207.38999999995636
34.64000000000168 207.50999999995625
34.66000000000167 207.62999999995614
34.68000000000167 207.74999999995603
34.700000000001666 207.86999999995592
34.72000000000166 207.9899999999558
34.74000000000166 208.1099999999557
34.760000000001654 208.2299999999556
34.78000000000165 208.3499999999555
34.800000000001646 208.46999999995538
34.82000000000164 208.58999999995527
34.84000000000164 208.70999999995516
34.860000000001634 208.82999999995505
34.88000000000163 208.94999999995494
34.900000000001626 209.06999999995483
34.92000000000162 209.18999999995472
34.94000000000162 209.3099999999546
34.960000000001614 209.4299999999545
34.98000000000161 209.5499999999544
35.000000000001606 209.66999999995429
35.0200000000016 209.78999999995418
35.0400000000016 209.90999999995407
35.060000000001594 210.02999999995396
35.08000000000159 210.14999999995385
35.100000000001586 210.26999999995374
35.12000000000158 210.38999999995363
35.14000000000158 210.50999999995352
35.160000000001574 210.6299999999534
35.18000000000157 210.7499999999533
35.200000000001566 210.8699999999532
35.22000000000156 210.98999999995308
35.24000000000156 211.10999999995298
35.260000000001554 211.22999999995287
35.28000000000155 211.34999999995276
35.300000000001546 211.46999999995265
35.32000000000154 211.58999999995254
35.34000000000154 211.70999999995243
35.360000000001534 211.81999999995233
35.38000000000153 211.93999999995222
35.400000000001526 212.0599999999521
35.42000000000152 212.179999999952
35.44000000000152 212.2999999999519
35.460000000001514 212.41999999995178
35.48000000000151 212.53999999995168
35.500000000001506 212.65999999995157
35.5200000000015 212.77999999995146
35.5400000000015 212.89999999995135
35.560000000001494 213.01999999995124
35.58000000000149 213.13999999995113
35.60000000000149 213.25999999995102
35.62000000000148 213.3799999999509
35.64000000000148 213.4999999999508
35.660000000001475 213.6199999999507
35.68000000000147 213.73999999995058
35.70000000000147 213.85999999995047
35.72000000000146 213.97999999995037
35.74000000000146 214.09999999995026
35.760000000001455 214.21999999995015
35.78000000000145 214.33999999995004
35.80000000000145 214.45999999994993
35.82000000000144 214.57999999994982
35.84000000000144 214.6999999999497
35.860000000001435 214.8199999999496
35.88000000000143 214.9399999999495
35.90000000000143 215.05999999994938
35.92000000000142 215.17999999994927
35.94000000000142 215.29999999994916
35.960000000001415 215.41999999994906
35.98000000000141 215.53999999994895
36.00000000000141 215.65999999994884
36.0200000000014 215.77999999994873
36.0400000000014 215.89999999994862
36.060000000001395 216.0199999999485
36.08000000000139 216.1399999999484
36.10000000000139 216.2599999999483
36.12000000000138 216.37999999994818
36.14000000000138 216.49999999994807
36.160000000001375 216.61999999994796
36.18000000000137 216.73999999994786
36.20000000000137 216.85999999994775
36.22000000000136 216.97999999994764
36.24000000000136 217.09999999994753
36.260000000001355 217.21999999994742
36.28000000000135 217.3399999999473
36.30000000000135 217.4599999999472
36.32000000000134 217.5799999999471
36.34000000000134 217.69999999994698
36.360000000001335 217.81999999994687
36.38000000000133 217.93999999994676
36.40000000000133 218.05999999994665
36.42000000000132 218.17999999994655
36.44000000000132 218.29999999994644
36.460000000001315 218.41999999994633
36.48000000000131 218.53999999994622
36.50000000000131 218.6599999999461
36.5200000000013 218.779999999946
36.5400000000013 218.8999999999459
36.560000000001295 219.01999999994578
36.58000000000129 219.13999999994567
36.60000000000129 219.25999999994556
36.62000000000128 219.37999999994545
36.64000000000128 219.49999999994535
36.660000000001276 219.60999999994525
36.68000000000127 219.72999999994514
36.70000000000127 219.84999999994503
36.720000000001264 219.96999999994492
36.74000000000126 220.0899999999448
36.760000000001256 220.2099999999447
36.78000000000125 220.3299999999446
36.80000000000125 220.44999999994448
36.820000000001244 220.56999999994437
36.84000000000124 220.68999999994426
36.860000000001236 220.80999999994415
36.88000000000123 220.92999999994404
36.90000000000123 221.04999999994394
36.920000000001224 221.16999999994383
36.94000000000122 221.28999999994372
36.960000000001216 221.4099999999436
36.98000000000121 221.5299999999435
37.00000000000121 221.6499999999434
37.020000000001204 221.76999999994328
37.0400000000012 221.88999999994317
37.060000000001196 222.00999999994306
37.08000000000119 222.12999999994295
37.10000000000119 222.24999999994284
37.120000000001184 222.36999999994273
37.14000000000118 222.48999999994263
37.160000000001176 222.60999999994252
37.18000000000117 222.7299999999424
37.20000000000117 222.8499999999423
37.220000000001164 222.9699999999422
37.24000000000116 223.08999999994208
37.260000000001156 223.20999999994197
37.28000000000115 223.32999999994186
37.30000000000115 223.44999999994175
37.320000000001144 223.56999999994164
37.34000000000114 223.68999999994153
37.360000000001136 223.80999999994143
37.38000000000113 223.92999999994132
37.40000000000113 224.0499999999412
37.420000000001124 224.1699999999411
37.44000000000112 224.289999999941
37.460000000001116 224.40999999994088
37.48000000000111 224.52999999994077
37.50000000000111 224.64999999994066
37.520000000001104 224.76999999994055
37.5400000000011 224.88999999994044
37.5600000000011 225.00999999994033
37.58000000000109 225.12999999994022
37.60000000000109 225.24999999994012
37.620000000001085 225.36999999994
37.64000000000108 225.4899999999399
37.66000000000108 225.6099999999398
37.68000000000107 225.72999999993968
37.70000000000107 225.84999999993957
37.720000000001065 225.96999999993946
37.74000000000106 226.08999999993935
37.76000000000106 226.20999999993924
37.78000000000105 226.32999999993913
37.80000000000105 226.44999999993902
37.820000000001045 226.56999999993891
37.84000000000104 226.6899999999388
37.86000000000104 226.8099999999387
37.88000000000103 226.9299999999386
37.90000000000103 227.04999999993848
37.920000000001025 227.16999999993837
37.94000000000102 227.27999999993827
37.96000000000102 227.39999999993816
37.98000000000101 227.51999999993805
38.00000000000101 227.63999999993794
38.020000000001005 227.75999999993783
38.040000000001 227.87999999993772
38.060000000001 227.99999999993761
38.08000000000099 228.1199999999375
38.10000000000099 228.2399999999374
38.120000000000985 228.3599999999373
38.14000000000098 228.47999999993718
38.16000000000098 228.59999999993707
38.18000000000097 228.71999999993696
38.20000000000097 228.83999999993685
38.220000000000965 228.95999999993674
38.24000000000096 229.07999999993663
38.26000000000096 229.19999999993652
38.28000000000095 229.3199999999364
38.30000000000095 229.4399999999363
38.320000000000945 229.5599999999362
38.34000000000094 229.6799999999361
38.36000000000094 229.79999999993598
38.38000000000093 229.91999999993587
38.40000000000093 230.03999999993576
38.420000000000925 230.15999999993565
38.44000000000092 230.27999999993554
38.46000000000092 230.39999999993543
38.48000000000091 230.51999999993532
38.50000000000091 230.6399999999352
38.520000000000906 230.7599999999351
38.5400000000009 230.879999999935
38.5600000000009 230.9999999999349
38.580000000000894 231.11999999993478
38.60000000000089 231.23999999993467
38.620000000000886 231.35999999993456
38.64000000000088 231.47999999993445
38.66000000000088 231.59999999993434
38.680000000000874 231.71999999993423
38.70000000000087 231.83999999993412
38.720000000000866 231.959999999934
38.74000000000086 232.0799999999339
38.76000000000086 232.1999999999338
38.780000000000854 232.31999999993369
38.80000000000085 232.43999999993358
38.820000000000846 232.55999999993347
38.84000000000084 232.67999999993336
38.86000000000084 232.79999999993325
38.880000000000834 232.91999999993314
38.90000000000083 233.03999999993303
38.920000000000826 233.15999999993292
38.94000000000082 233.2799999999328
38.96000000000082 233.3999999999327
38.980000000000814 233.5199999999326
39.00000000000081 233.63999999993248
39.020000000000806 233.75999999993238
39.0400000000008 233.87999999993227
39.0600000000008 233.99999999993216
39.080000000000794 234.11999999993205
39.10000000000079 234.23999999993194
39.120000000000786 234.35999999993183
39.14000000000078 234.47999999993172
39.16000000000078 234.5999999999316
39.180000000000774 234.7199999999315
39.20000000000077 234.8299999999314
39.220000000000766 234.9499999999313
39.24000000000076 235.06999999993118
39.26000000000076 235.18999999993108
39.280000000000754 235.30999999993097
39.30000000000075 235.42999999993086
39.320000000000746 235.54999999993075
39.34000000000074 235.66999999993064
39.36000000000074 235.78999999993053
39.380000000000734 235.90999999993042
39.40000000000073 236.0299999999303
39.42000000000073 236.1499999999302
39.44000000000072 236.2699999999301
39.46000000000072 236.38999999992998
39.480000000000715 236.50999999992987
39.50000000000071 236.62999999992977
39.52000000000071 236.74999999992966
39.5400000000007 236.86999999992955
39.5600000000007 236.98999999992944
39.580000000000695 237.10999999992933
39.60000000000069 237.22999999992922
39.62000000000069 237.3499999999291
39.64000000000068 237.469999999929
39.66000000000068 237.5899999999289
39.680000000000675 237.70999999992878
39.70000000000067 237.82999999992867
39.72000000000067 237.94999999992856
39.74000000000066 238.06999999992846
39.76000000000066 238.18999999992835
39.780000000000655 238.30999999992824
39.80000000000065 238.42999999992813
39.82000000000065 238.54999999992802
39.84000000000064 238.6699999999279
39.86000000000064 238.7899999999278
39.880000000000635 238.9099999999277
39.90000000000063 239.02999999992758
39.92000000000063 239.14999999992747
39.94000000000062 239.26999999992736
39.96000000000062 239.38999999992726
39.980000000000615 239.50999999992715
40.00000000000061 239.62999999992704
40.02000000000061 239.74999999992693
40.0400000000006 239.86999999992682
40.0600000000006 239.9899999999267
40.080000000000595 240.1099999999266
40.10000000000059 240.2299999999265
40.12000000000059 240.34999999992638
40.14000000000058 240.46999999992627
40.16000000000058 240.58999999992616
40.180000000000575 240.70999999992605
40.20000000000057 240.82999999992595
40.22000000000057 240.94999999992584
40.24000000000056 241.06999999992573
40.26000000000056 241.18999999992562
40.280000000000555 241.3099999999255
40.30000000000055 241.4299999999254
40.32000000000055 241.5499999999253
40.34000000000054 241.66999999992518
40.36000000000054 241.78999999992507
40.380000000000535 241.90999999992496
40.40000000000053 242.02999999992485
40.42000000000053 242.14999999992474
40.44000000000052 242.26999999992464
40.46000000000052 242.37999999992454
40.480000000000516 242.49999999992443
40.50000000000051 242.61999999992432
40.52000000000051 242.7399999999242
40.540000000000504 242.8599999999241
40.5600000000005 242.979999999924
40.580000000000496 243.09999999992388
40.60000000000049 243.21999999992377
40.62000000000049 243.33999999992366
40.640000000000484 243.45999999992355
40.66000000000048 243.57999999992344
40.680000000000476 243.69999999992334
40.70000000000047 243.81999999992323
40.72000000000047 243.93999999992312
40.740000000000464 244.059999999923
40.76000000000046 244.1799999999229
40.780000000000456 244.2999999999228
40.80000000000045 244.41999999992268
40.82000000000045 244.53999999992257
40.840000000000444 244.65999999992246
40.86000000000044 244.77999999992235
40.880000000000436 244.89999999992224
40.90000000000043 245.01999999992213
40.92000000000043 245.13999999992203
40.940000000000424 245.25999999992192
40.96000000000042 245.3799999999218
40.980000000000416 245.4999999999217
41.00000000000041 245.6199999999216
41.02000000000041 245.73999999992148
41.040000000000404 245.85999999992137
41.0600000000004 245.97999999992126
41.080000000000396 246.09999999992115
41.10000000000039 246.21999999992104
41.12000000000039 246.33999999992093
41.140000000000384 246.45999999992083
41.16000000000038 246.57999999992072
41.180000000000376 246.6999999999206
41.20000000000037 246.8199999999205
41.22000000000037 246.9399999999204
41.240000000000364 247.05999999992028
41.26000000000036 247.17999999992017
41.280000000000356 247.29999999992006
41.30000000000035 247.41999999991995
41.32000000000035 247.53999999991984
41.340000000000344 247.65999999991973
41.36000000000034 247.77999999991962
41.38000000000034 247.89999999991952
41.40000000000033 248.0199999999194
41.42000000000033 248.1399999999193
41.440000000000325 248.2599999999192
41.46000000000032 248.37999999991908
41.48000000000032 248.49999999991897
41.50000000000031 248.61999999991886
41.52000000000031 248.73999999991875
41.540000000000305 248.85999999991864
41.5600000000003 248.97999999991853
41.5800000000003 249.09999999991842
41.60000000000029 249.21999999991831
41.62000000000029 249.3399999999182
41.640000000000285 249.4599999999181
41.66000000000028 249.579999999918
41.68000000000028 249.69999999991788
41.70000000000027 249.81999999991777
41.72000000000027 249.92999999991767
41.740000000000265 250.04999999991756
41.76000000000026 250.16999999991745
41.78000000000026 250.28999999991734
41.80000000000025 250.40999999991723
41.82000000000025 250.52999999991712
41.840000000000245 250.64999999991701
41.86000000000024 250.7699999999169
41.88000000000024 250.8899999999168
41.90000000000023 251.0099999999167
41.92000000000023 251.12999999991658
41.940000000000225 251.24999999991647
41.96000000000022 251.36999999991636
41.98000000000022 251.48999999991625
42.00000000000021 251.60999999991614
42.02000000000021 251.72999999991603
42.040000000000205 251.84999999991592
42.0600000000002 251.9699999999158
42.0800000000002 252.0899999999157
42.10000000000019 252.2099999999156
42.12000000000019 252.3299999999155
42.140000000000185 252.44999999991538
42.16000000000018 252.56999999991527
42.18000000000018 252.68999999991516
42.20000000000017 252.80999999991505
42.22000000000017 252.92999999991494
42.240000000000165 253.04999999991483
42.26000000000016 253.16999999991472
42.28000000000016 253.2899999999146
42.30000000000015 253.4099999999145
42.32000000000015 253.5299999999144
42.340000000000146 253.6499999999143
42.36000000000014 253.76999999991418
42.38000000000014 253.88999999991407
42.400000000000134 254.00999999991396
42.42000000000013 254.12999999991385
42.440000000000126 254.24999999991374
42.46000000000012 254.36999999991363
42.48000000000012 254.48999999991352
42.500000000000114 254.6099999999134
42.52000000000011 254.7299999999133
42.540000000000106 254.8499999999132
42.5600000000001 254.96999999991309
42.5800000000001 255.08999999991298
42.600000000000094 255.20999999991287
42.62000000000009 255.32999999991276
42.640000000000086 255.44999999991265
42.66000000000008 255.56999999991254
42.68000000000008 255.68999999991243
42.700000000000074 255.80999999991232
42.72000000000007 255.9299999999122
42.740000000000066 256.04999999991213
42.76000000000006 256.169999999912
42.78000000000006 256.2899999999119
42.800000000000054 256.4099999999118
42.82000000000005 256.5299999999117
42.840000000000046 256.6499999999116
42.86000000000004 256.7699999999115
42.88000000000004 256.88999999991137
42.900000000000034 257.00999999991126
42.92000000000003 257.12999999991115
42.940000000000026 257.24999999991104
42.96000000000002 257.36999999991093
42.98000000000002 257.47999999991083
43.000000000000014 257.5999999999107
43.02000000000001 257.7199999999106
43.040000000000006 257.8399999999105
43.06 257.9599999999104
43.08 258.0799999999103
43.099999999999994 258.1999999999102
43.11999999999999 258.31999999991007
43.139999999999986 258.43999999990996
43.15999999999998 258.55999999990985
43.17999999999998 258.67999999990974
43.199999999999974 258.79999999990963
43.21999999999997 258.9199999999095
43.23999999999997 259.0399999999094
43.25999999999996 259.1599999999093
43.27999999999996 259.2799999999092
43.299999999999955 259.3999999999091
43.31999999999995 259.519999999909
43.33999999999995 259.63999999990887
43.35999999999994 259.75999999990876
43.37999999999994 259.87999999990865
43.399999999999935 259.99999999990854
43.41999999999993 260.11999999990843
43.43999999999993 260.2399999999083
43.45999999999992 260.3599999999082
43.47999999999992 260.4799999999081
43.499999999999915 260.599999999908
43.51999999999991 260.7199999999079
43.53999999999991 260.8399999999078
43.5599999999999 260.95999999990767
43.5799999999999 261.07999999990756
43.599999999999895 261.19999999990745
43.61999999999989 261.31999999990734
43.63999999999989 261.43999999990723
43.65999999999988 261.5599999999071
43.67999999999988 261.679999999907
43.699999999999875 261.7999999999069
43.71999999999987 261.9199999999068
43.73999999999987 262.0399999999067
43.75999999999986 262.1599999999066
43.77999999999986 262.27999999990647
43.799999999999855 262.39999999990636
43.81999999999985 262.51999999990625
43.83999999999985 262.63999999990614
43.85999999999984 262.75999999990603
43.87999999999984 262.8799999999059
43.899999999999835 262.9999999999058
43.91999999999983 263.1199999999057
43.93999999999983 263.2399999999056
43.95999999999982 263.3599999999055
43.97999999999982 263.4799999999054
43.999999999999815 263.59999999990526
44.01999999999981 263.71999999990516
44.03999999999981 263.83999999990505
44.0599999999998 263.95999999990494
44.0799999999998 264.0799999999048
44.099999999999795 264.1999999999047
44.11999999999979 264.3199999999046
44.13999999999979 264.4399999999045
44.15999999999978 264.5599999999044
44.17999999999978 264.6799999999043
44.199999999999775 264.7999999999042
44.21999999999977 264.9099999999041
44.23999999999977 265.02999999990396
44.25999999999976 265.14999999990386
44.27999999999976 265.26999999990375
44.299999999999756 265.38999999990364
44.31999999999975 265.5099999999035
44.33999999999975 265.6299999999034
44.359999999999744 265.7499999999033
44.37999999999974 265.8699999999032
44.399999999999736 265.9899999999031
44.41999999999973 266.109999999903
44.43999999999973 266.2299999999029
44.459999999999724 266.34999999990276
44.47999999999972 266.46999999990265
44.499999999999716 266.58999999990255
44.51999999999971 266.70999999990244
44.53999999999971 266.8299999999023
44.559999999999704 266.9499999999022
44.5799999999997 267.0699999999021
44.599999999999696 267.189999999902
44.61999999999969 267.3099999999019
44.63999999999969 267.4299999999018
44.659999999999684 267.5499999999017
44.67999999999968 267.66999999990156
44.699999999999676 267.78999999990145
44.71999999999967 267.90999999990134
44.73999999999967 268.02999999990124
44.759999999999664 268.1499999999011
44.77999999999966 268.269999999901
44.799999999999656 268.3899999999009
44.81999999999965 268.5099999999008
44.83999999999965 268.6299999999007
44.859999999999644 268.7499999999006
44.87999999999964 268.8699999999005
44.899999999999636 268.98999999990036
44.91999999999963 269.10999999990025
44.93999999999963 269.22999999990014
44.959999999999624 269.34999999990004
44.97999999999962 269.4699999998999
44.999999999999616 269.5899999998998
45.01999999999961 269.7099999998997
45.03999999999961 269.8299999998996
45.059999999999604 269.9499999998995
45.0799999999996 270.0699999998994
45.099999999999596 270.18999999989927
45.11999999999959 270.30999999989916
45.13999999999959 270.42999999989905
45.159999999999584 270.54999999989894
45.17999999999958 270.66999999989883
45.19999999999958 270.7899999998987
45.21999999999957 270.9099999998986
45.23999999999957 271.0299999998985
45.259999999999565 271.1499999998984
45.27999999999956 271.2699999998983
45.29999999999956 271.3899999998982
45.31999999999955 271.50999999989807
45.33999999999955 271.62999999989796
45.359999999999545 271.74999999989785
45.37999999999954 271.86999999989774
45.39999999999954 271.98999999989763
45.41999999999953 272.1099999998975
45.43999999999953 272.2299999998974
45.459999999999525 272.3499999998973
45.47999999999952 272.4599999998972
45.49999999999952 272.5799999998971
45.51999999999951 272.699999999897
45.53999999999951 272.8199999998969
45.559999999999505 272.93999999989677
45.5799999999995 273.05999999989666
45.5999999999995 273.17999999989655
45.61999999999949 273.29999999989644
45.63999999999949 273.41999999989633
45.659999999999485 273.5399999998962
45.67999999999948 273.6599999998961
45.69999999999948 273.779999999896
45.71999999999947 273.8999999998959
45.73999999999947 274.0199999998958
45.759999999999465 274.1399999998957
45.77999999999946 274.25999999989557
45.79999999999946 274.37999999989546
45.81999999999945 274.49999999989535
45.83999999999945 274.61999999989524
45.859999999999445 274.73999999989513
45.87999999999944 274.859999999895
45.89999999999944 274.9799999998949
45.91999999999943 275.0999999998948
45.93999999999943 275.2199999998947
45.959999999999425 275.3399999998946
45.97999999999942 275.4599999998945
45.99999999999942 275.57999999989437
46.01999999999941 275.69999999989426
46.03999999999941 275.81999999989415
46.059999999999405 275.93999999989404
46.0799999999994 276.05999999989393
46.0999999999994 276.1799999998938
46.11999999999939 276.2999999998937
46.13999999999939 276.4199999998936
46.159999999999386 276.5399999998935
46.17999999999938 276.6599999998934
46.19999999999938 276.7799999998933
46.219999999999374 276.89999999989317
46.23999999999937 277.01999999989306
46.259999999999366 277.13999999989295
46.27999999999936 277.25999999989284
46.29999999999936 277.37999999989273
46.319999999999354 277.4999999998926
46.33999999999935 277.6199999998925
46.359999999999346 277.7399999998924
46.37999999999934 277.8599999998923
46.39999999999934 277.9799999998922
46.419999999999334 278.0999999998921
46.43999999999933 278.21999999989197
46.459999999999326 278.33999999989186
46.47999999999932 278.45999999989175
46.49999999999932 278.57999999989164
46.519999999999314 278.69999999989153
46.53999999999931 278.8199999998914
46.559999999999306 278.9399999998913
46.5799999999993 279.0599999998912
46.5999999999993 279.1799999998911
46.619999999999294 279.299999999891
46.63999999999929 279.4199999998909
46.659999999999286 279.53999999989077
46.67999999999928 279.65999999989066
46.69999999999928 279.77999999989055
46.719999999999274 279.88999999989045
46.73999999999927 280.00999999989034
46.759999999999266 280.12999999989023
46.77999999999926 280.2499999998901
46.79999999999926 280.36999999989
46.819999999999254 280.4899999998899
46.83999999999925 280.6099999998898
46.859999999999246 280.7299999998897
46.87999999999924 280.8499999998896
46.89999999999924 280.96999999988947
46.919999999999234 281.08999999988936
46.93999999999923 281.20999999988925
46.959999999999226 281.32999999988914
46.97999999999922 281.44999999988903
46.99999999999922 281.5699999998889
47.019999999999214 281.6899999998888
47.03999999999921 281.8099999998887
47.05999999999921 281.9299999998886
47.0799999999992 282.0499999998885
47.0999999999992 282.1699999998884
47.119999999999195 282.28999999988827
47.13999999999919 282.40999999988816
47.15999999999919 282.52999999988805
47.17999999999918 282.64999999988794
47.19999999999918 282.76999999988783
47.219999999999175 282.8899999998877
47.23999999999917 283.0099999998876
47.25999999999917 283.1299999998875
47.27999999999916 283.2499999998874
47.29999999999916 283.3699999998873
47.319999999999155 283.4899999998872
47.33999999999915 283.60999999988707
47.35999999999915 283.72999999988696
47.37999999999914 283.84999999988685
47.39999999999914 283.96999999988674
47.419999999999135 284.08999999988663
47.43999999999913 284.2099999998865
47.45999999999913 284.3299999998864
47.47999999999912 284.4499999998863
47.49999999999912 284.5699999998862
47.519999999999115 284.6899999998861
47.53999999999911 284.809999999886
47.55999999999911 284.92999999988587
47.5799999999991 285.04999999988576
47.5999999999991 285.16999999988565
47.619999999999095 285.28999999988554
47.63999999999909 285.40999999988543
47.65999999999909 285.5299999998853
47.67999999999908 285.6499999998852
47.69999999999908 285.7699999998851
47.719999999999075 285.889999999885
47.73999999999907 286.0099999998849
47.75999999999907 286.1299999998848
47.77999999999906 286.24999999988466
47.79999999999906 286.36999999988456
47.819999999999055 286.48999999988445
47.83999999999905 286.60999999988434
47.85999999999905 286.7299999998842
47.87999999999904 286.8499999998841
47.89999999999904 286.969999999884
47.919999999999035 287.0899999998839
47.93999999999903 287.1999999998838
47.95999999999903 287.3199999998837
47.97999999999902 287.4399999998836
47.99999999999902 287.5599999998835
48.019999999999015 287.67999999988336
48.03999999999901 287.79999999988325
48.05999999999901 287.91999999988315
48.079999999999 288.03999999988304
48.099999999999 288.1599999998829
48.119999999998996 288.2799999998828
48.13999999999899 288.3999999998827
48.15999999999899 288.5199999998826
48.179999999998984 288.6399999998825
48.19999999999898 288.7599999998824
48.219999999998976 288.8799999998823
48.23999999999897 288.99999999988216
48.25999999999897 289.11999999988205
48.279999999998964 289.23999999988195
48.29999999999896 289.35999999988184
48.319999999998956 289.4799999998817
48.33999999999895 289.5999999998816
48.35999999999895 289.7199999998815
48.379999999998944 289.8399999998814
48.39999999999894 289.9599999998813
48.419999999998936 290.0799999998812
48.43999999999893 290.1999999998811
48.45999999999893 290.31999999988096
48.479999999998924 290.43999999988085
48.49999999999892 290.55999999988074
48.519999999998916 290.67999999988064
48.53999999999891 290.7999999998805
48.55999999999891 290.9199999998804
48.579999999998904 291.0399999998803
48.5999999999989 291.1599999998802
48.619999999998896 291.2799999998801
48.63999999999889 291.39999999988
48.65999999999889 291.5199999998799
48.679999999998884 291.63999999987976
48.69999999999888 291.75999999987965
48.719999999998876 291.87999999987954
48.73999999999887 291.99999999987944
48.75999999999887 292.1199999998793
48.779999999998864 292.2399999998792
48.79999999999886 292.3599999998791
48.819999999998856 292.479999999879
48.83999999999885 292.5999999998789
48.85999999999885 292.7199999998788
48.879999999998844 292.83999999987867
48.89999999999884 292.95999999987856
48.919999999998836 293.07999999987845
48.93999999999883 293.19999999987834
48.95999999999883 293.31999999987823
48.979999999998824 293.4399999998781
48.99999999999882 293.559999999878
49.01999999999882 293.6799999998779
49.03999999999881 293.7999999998778
49.05999999999881 293.9199999998777
49.079999999998805 294.0399999998776
49.0999999999988 294.15999999987747
49.1199999999988 294.27999999987736
49.13999999999879 294.39999999987725
49.15999999999879 294.51999999987714
49.179999999998785 294.62999999987704
49.19999999999878 294.74999999987693
49.21999999999878 294.8699999998768
49.23999999999877 294.9899999998767
49.25999999999877 295.1099999998766
49.279999999998765 295.2299999998765
49.29999999999876 295.3499999998764
49.31999999999876 295.4699999998763
49.33999999999875 295.58999999987617
49.35999999999875 295.70999999987606
49.379999999998745 295.82999999987595
49.39999999999874 295.94999999987584
49.41999999999874 296.06999999987573
49.43999999999873 296.1899999998756
49.45999999999873 296.3099999998755
49.479999999998725 296.4299999998754
49.49999999999872 296.5499999998753
49.51999999999872 296.6699999998752
49.53999999999871 296.7899999998751
49.55999999999871 296.90999999987497
49.579999999998705 297.02999999987486
49.5999999999987 297.14999999987475
49.6199999999987 297.26999999987464
49.63999999999869 297.38999999987453
49.65999999999869 297.5099999998744
49.679999999998685 297.6299999998743
49.69999999999868 297.7499999998742
49.71999999999868 297.8699999998741
49.73999999999867 297.989999999874
49.75999999999867 298.1099999998739
49.779999999998665 298.22999999987377
49.79999999999866 298.34999999987366
49.81999999999866 298.46999999987355
49.83999999999865 298.58999999987344
49.85999999999865 298.70999999987333
49.879999999998645 298.8299999998732
49.89999999999864 298.9499999998731
49.91999999999864 299.069999999873
49.93999999999863 299.1899999998729
49.95999999999863 299.3099999998728
49.979999999998626 299.4299999998727
49.99999999999862 299.54999999987257
